GOES 1 [-]              
1 08366U 75100A   16298.20190578 -.00000134  00000-0  00000+0 0  9992
2 08366  12.4132 321.3067 0007183 258.6984 141.1295  1.00317719149883
GOES 2 [-]              
1 10061U 77048A   16297.58619668 -.00000013  00000-0  00000-0 0  9993
2 10061  13.5878 330.2239 0016723 301.4673  50.9386  0.99393227 11240
GOES 3 [-]              
1 10953U 78062A   16298.18081664  .00000022  00000-0  00000+0 0  9994
2 10953  13.7049 333.7314 0004742 258.7250  74.8964  0.99361176 93589
GOES 4 [-]              
1 11964U 80074A   16297.36102258 -.00000222  00000-0  00000+0 0  9998
2 11964  14.4499 337.4879 0029932   1.9389 355.3150  0.99233783 92669
GOES 5 [-]              
1 12472U 81049A   16298.14945278 -.00000189  00000-0  00000+0 0  9992
2 12472  14.5366 347.6117 0007304 230.5036 131.9641  1.00338605 87630
GOES 6 [-]              
1 14050U 83041A   16298.23749455 -.00000143  00000-0  00000+0 0  9999
2 14050  14.7150 352.4554 0005281 207.9348 174.1181  1.00327565180738
GOES 7 [-]              
1 17561U 87022A   16297.56736657 -.00000360  00000-0  00000-0 0  9999
2 17561  15.1255   8.3211 0004922 257.2569 109.0153  0.99906637 91760
GOES 8 [-]              
1 23051U 94022A   16297.86063538  .00000021  00000-0  00000-0 0  9995
2 23051  11.0866  41.1649 0009871 211.9824 164.7386  0.98902462 89284
GOES 9 [-]              
1 23581U 95025A   16297.96423752 -.00000023  00000-0  00000-0 0  9999
2 23581  10.5912  40.4708 0004780 148.2482 230.9004  0.98799607 77951
GOES 10 [-]             
1 24786U 97019A   16297.61999819 -.00000104  00000-0  00000-0 0  9996
2 24786   8.9371  44.9663 0032029 157.2128 244.6963  0.99125393 71149
GOES 11 [-]             
1 26352U 00022A   16298.24502306 -.00000164  00000-0  00000+0 0  9991
2 26352   4.4755  76.3375 0007024 141.9348 196.9348  0.99041980 60106
GOES 12 [-]             
1 26871U 01031A   16298.44628473  .00000045  00000-0  00000+0 0  9991
2 26871   5.9084  61.7916 0010857 210.0068 143.2022  0.99136700 55807
GOES 13 [+]             
1 29155U 06018A   16299.11463925 -.00000272  00000-0  00000+0 0  9996
2 29155   0.1033 107.4053 0001710   4.6544 247.9795  1.00282234 38201
GOES 14 [S]             
1 35491U 09033A   16298.19890350 -.00000115  00000-0  00000+0 0  9995
2 35491   0.2530 271.1529 0008878 308.4390 140.3638  1.00273438 26831
GOES 15 [+]             
1 36411U 10008A   16298.28170285  .00000061  00000-0  00000+0 0  9999
2 36411   0.2707 271.2567 0003078 307.6798 141.0620  1.00285893 24366
