NOAA 15                 
1 25338U 98030A   16299.54382424  .00000044  00000-0  37392-4 0  9996
2 25338  98.7854 303.9713 0010893 162.4873 197.6684 14.25759891959568
NOAA 18                 
1 28654U 05018A   16298.49740468  .00000017  00000-0  34596-4 0  9996
2 28654  99.1969 308.7901 0014540  16.4083 343.7555 14.12310942588981
METOP-A                 
1 29499U 06044A   16299.56317168  .00000027  00000-0  32399-4 0  9990
2 29499  98.7140 356.6965 0002053 119.5765  17.1750 14.21492264519807
NOAA 19                 
1 33591U 09005A   16298.47024637  .00000153  00000-0  10844-3 0  9993
2 33591  99.0574 256.4046 0013327 212.1816 147.8542 14.12119287397388
METOP-B                 
1 38771U 12049A   16298.46018701  .00000015  00000-0  27025-4 0  9991
2 38771  98.7146 356.1486 0001393 148.1920 273.5303 14.21487157212780
SARAL                   
1 39086U 13009A   16299.19032828  .00000028  00000-0  26659-4 0  9991
2 39086  98.5396 124.4719 0000885 151.7806 208.3425 14.31983836191477
