SCD 1                   
1 22490U 93009B   16298.46444242  .00000274  00000-0  25701-4 0  9996
2 22490  24.9705 315.4123 0043145   6.9655 144.0360 14.44461577251484
TECHSAT 1B (GO-32)      
1 25397U 98043D   16299.09638316  .00000003  00000-0  19996-4 0  9994
2 25397  98.5806 240.7425 0001183  19.3830 340.7393 14.23606287950344
SCD 2                   
1 25504U 98060A   16297.99056491  .00000249  00000-0  19550-4 0  9996
2 25504  24.9945 159.9947 0017322  39.8883  97.2549 14.43984006950761
LANDSAT 7               
1 25682U 99020A   16299.27609776  .00000298  00000-0  76069-4 0  9995
2 25682  98.2015   7.8274 0001169  49.9564 310.1724 14.57118171932381
DLR-TUBSAT              
1 25757U 99029B   16298.85819060  .00000055  00000-0  25415-4 0  9999
2 25757  98.4179 204.5037 0013490 301.4306  58.5569 14.51343356922333
QUIKSCAT                
1 25789U 99034A   16299.12573772  .00000007  00000-0  20575-4 0  9997
2 25789  98.6064 125.4336 0001443  50.3957 309.7351 14.27260669903666
TERRA                   
1 25994U 99068A   16299.21780070  .00000281  00000-0  72344-4 0  9998
2 25994  98.2110  11.6235 0001116  85.4932 274.6397 14.57112178896457
EO-1                    
1 26619U 00075A   16299.54105431  .00000257  00000-0  57214-4 0  9993
2 26619  97.8660 333.5535 0010478 126.8337 233.3849 14.64315073849196
MAROC-TUBSAT            
1 27004U 01056D   16297.99151966 -.00000026  00000-0  18962-4 0  9995
2 27004  99.3221  78.8302 0019181 228.8535 240.1354 13.70118427743706
AQUA                    
1 27424U 02022A   16299.53309505  .00000225  00000-0  60108-4 0  9990
2 27424  98.2105 238.1124 0002094  99.3097  14.0845 14.57105195770104
IRS-P6 (RESOURCESAT-1)  
1 28051U 03046A   16299.41233249  .00000019  00000-0  28592-4 0  9994
2 28051  98.6496  14.1109 0002919 300.7776  59.3116 14.21662489675924
TANSUO 1 (TS 1)         
1 28220U 04012A   16298.87664819  .00000959  00000-0  84179-4 0  9992
2 28220  97.6623 252.3274 0009841 209.4194 150.6476 14.98881688681178
FORMOSAT-2 (ROCSAT 2)   
1 28254U 04018A   16299.50268819  .00000106  00000-0  10000-3 0  9991
2 28254  98.9075 359.7481 0002925  87.2823 330.7138 14.00679251635741
AURA                    
1 28376U 04026A   16298.83039811  .00000232  00000-0  61598-4 0  9997
2 28376  98.2110 239.5819 0001566  80.0845 280.0530 14.57107615653042
IRS-P5 (CARTOSAT-1)     
1 28649U 05017A   16299.42337648  .00000201  00000-0  30905-4 0  9990
2 28649  97.8868  11.1773 0003355  88.5679 271.5911 14.83439099621179
SINAH 1                 
1 28893U 05043D   16299.03736938  .00000085  00000-0  26055-4 0  9993
2 28893  97.8491 102.7916 0015515 169.7968 190.3552 14.61401519586106
EROS B                  
1 29079U 06014A   16299.41037500  .00002808  00000-0  10210-3 0  9990
2 29079  97.3321  56.5744 0004496 178.6276 266.8097 15.29075457582441
RESURS-DK 1             
1 29228U 06021A   16299.50245425  .00000378  00000-0  36204-4 0  9993
2 29228  69.9359 335.1068 0006541 313.3265  46.7350 15.02023237572869
ARIRANG-2 (KOMPSAT-2)   
1 29268U 06031A   16299.46877347  .00000101  00000-0  29372-4 0  9999
2 29268  98.1169 196.8992 0018838  25.5586 334.6525 14.62207576546694
LAPAN-TUBSAT            
1 29709U 07001A   16299.37201661  .00000065  00000-0  14455-4 0  9992
2 29709  97.6743 277.3594 0013681 135.6313 224.6008 14.82003185529205
CARTOSAT-2 (IRS-P7)     
1 29710U 07001B   16299.44255921 -.00000085  00000-0 -46319-5 0  9999
2 29710  97.9599 357.5646 0001795 128.3504 231.7879 14.78641854528505
HAIYANG-1B              
1 31113U 07010A   16299.41810012  .00000003  00000-0  17867-4 0  9997
2 31113  98.5947 351.8956 0013962 170.6407 189.5041 14.30153207497910
COSMO-SKYMED 1          
1 31598U 07023A   16299.50757861 -.00000058  00000-0 -70986-6 0  9995
2 31598  97.8761 120.8415 0001397  81.7477 278.3884 14.82155729507681
TERRASAR-X              
1 31698U 07026A   16299.54439131 -.00000556  00000-0 -23300-4 0  9999
2 31698  97.4467 304.5648 0001642  84.7189 275.4232 15.19146618519255
WORLDVIEW-1 (WV-1)      
1 32060U 07041A   16299.40284235  .00001463  00000-0  62593-4 0  9991
2 32060  97.3827  56.7424 0001935  18.8542  22.0183 15.24394746506487
YAOGAN 3                
1 32289U 07055A   16299.49312954  .00000112  00000-0  21436-4 0  9999
2 32289  97.9928 296.1442 0001430  72.3269 287.8110 14.80751193484007
COSMO-SKYMED 2          
1 32376U 07059A   16299.47380529 -.00002349  00000-0 -28868-3 0  9992
2 32376  97.8763 120.8087 0001556  96.2431 263.8996 14.82147495480427
RADARSAT-2              
1 32382U 07061A   16299.56759308  .00000001  00000-0  17205-4 0  9992
2 32382  98.5781 304.6023 0001217  91.9424  15.9227 14.29983469462762
CARTOSAT-2A             
1 32783U 08021A   16299.42023256  .00000359  00000-0  55981-4 0  9994
2 32783  97.9613 357.5816 0013144   2.1398 357.9868 14.78670288458443
JASON 2 (OSTM)          
1 33105U 08032A   16297.96710391 -.00000050  00000-0  48021-4 0  9991
2 33105  66.0412 252.2612 0007945 267.7720 169.7308 12.80930387390286
RAPIDEYE 2              
1 33312U 08040A   16299.38803085  .00000076  00000-0  16858-4 0  9991
2 33312  97.8377  20.3069 0013515  40.3816 319.8396 14.79971566440644
RAPIDEYE 5              
1 33313U 08040B   16299.41090176  .00000408  00000-0  60686-4 0  9992
2 33313  97.8449  17.9200 0014969 267.6278  92.3225 14.79984789440593
RAPIDEYE 1              
1 33314U 08040C   16299.53430792  .00000119  00000-0  22498-4 0  9996
2 33314  97.8404  20.0053 0025368  49.7984 310.5444 14.79970627440655
RAPIDEYE 3              
1 33315U 08040D   16299.43662594  .00000185  00000-0  31217-4 0  9995
2 33315  97.8412  17.5412 0011718 352.2682   7.8347 14.79973399440608
RAPIDEYE 4              
1 33316U 08040E   16299.42260793  .00000187  00000-0  31563-4 0  9996
2 33316  97.8373  17.0195 0009825 292.1921  67.8257 14.79968811440599
HUANJING 1A (HJ-1A)     
1 33320U 08041A   16299.39824939  .00000190  00000-0  34468-4 0  9997
2 33320  97.9685   1.6627 0027571  63.5482 296.8549 14.76679164438132
HUANJING 1B (HJ-1B)     
1 33321U 08041B   16299.41591474  .00000210  00000-0  37115-4 0  9991
2 33321  97.9729   2.7219 0036170  78.8229 281.7047 14.76747047438125
GEOEYE 1                
1 33331U 08042A   16299.30468903  .00000154  00000-0  38453-4 0  9994
2 33331  98.1329  11.6992 0008853 285.6109  74.4118 14.64105380434738
THEOS                   
1 33396U 08049A   16299.53671084  .00000191  00000-0  11047-3 0  9993
2 33396  98.7095   4.8611 0001254  80.0611  31.1959 14.20041786418174
COSMO-SKYMED 3          
1 33412U 08054A   16299.46115931 -.00000185  00000-0 -16646-4 0  9990
2 33412  97.8763 120.7971 0001528  87.4388 272.7011 14.82153960432880
YAOGAN 4                
1 33446U 08061A   16299.50786487  .00000274  00000-0  46191-4 0  9995
2 33446  97.5894 304.5241 0015865 353.5183   6.5820 14.76431973425395
GOSAT (IBUKI)           
1 33492U 09002A   16299.40892236  .00000124  00000-0  30366-4 0  9992
2 33492  98.1078  47.2521 0001018  77.1426 282.9893 14.67528522415399
YAOGAN 6                
1 34839U 09021A   16299.23363428  .00001526  00000-0  62733-4 0  9996
2 34839  97.1804 353.8252 0030873  75.1761 285.2894 15.25214100416778
DEIMOS-1                
1 35681U 09041A   16299.49163339  .00000154  00000-0  32534-4 0  9993
2 35681  97.9732 190.7278 0002082  40.0775 320.0585 14.71609808388625
DUBAISAT-1              
1 35682U 09041B   16299.49497324  .00000119  00000-0  28411-4 0  9998
2 35682  97.8269 164.4199 0011571 176.4828 183.6471 14.68510215387766
OCEANSAT 2              
1 35931U 09051A   16299.19973688  .00000201  00000-0  62057-4 0  9991
2 35931  98.3149  30.6734 0002471 162.3661 197.7620 14.50856848375386
WORLDVIEW-2 (WV-2)      
1 35946U 09055A   16299.34525501 -.00000031  00000-0  42347-5 0  9998
2 35946  98.5292  11.7304 0001415  44.1414 315.9877 14.37736449369768
SMOS                    
1 36036U 09059A   16298.63250515  .00000143  00000-0  59496-4 0  9999
2 36036  98.4440 123.6878 0001176  90.8718 269.2605 14.39778742366717
YAOGAN 7                
1 36110U 09069A   16299.43025508 -.00000172  00000-0 -17359-4 0  9990
2 36110  98.1841  89.1983 0024898 141.0578 219.2406 14.75212505370274
TANDEM-X                
1 36605U 10030A   16299.54438901  .00001111  00000-0  56071-4 0  9992
2 36605  97.4467 304.5664 0001388  96.3639 263.7753 15.19150249351990
CARTOSAT 2B             
1 36795U 10035A   16299.39013936  .00000094  00000-0  19920-4 0  9998
2 36795  97.9590 357.4719 0015754  71.0526 289.2387 14.78661813339481
YAOGAN 10               
1 36834U 10038A   16299.38230649  .00000100  00000-0  19709-4 0  9999
2 36834  97.9201 292.5370 0001467  61.1509 298.9853 14.80762568335734
COSMO-SKYMED 4          
1 37216U 10060A   16299.42319646 -.00000608  00000-0 -69853-4 0  9999
2 37216  97.8757 120.7573 0001187  80.3925 279.7465 14.82150217322966
HAIYANG 2A              
1 37781U 11043A   16299.38960664 -.00000463  00000-0 -41236-3 0  9998
2 37781  99.3377 308.2224 0000301 115.6277 244.4923 13.78713772261621
RASAT                   
1 37791U 11044D   16299.38443813  .00000078  00000-0  23800-4 0  9990
2 37791  98.1451  27.8874 0022656 137.4158 222.8807 14.64560749277408
MEGHA-TROPIQUES         
1 37838U 11058A   16297.90770379  .00000352  00000-0  49767-4 0  9998
2 37838  19.9766 132.1284 0009705 350.5458   9.4763 14.09700082192485
SRMSAT                  
1 37841U 11058D   16299.55855550  .00000356  00000-0  50564-4 0  9991
2 37841  19.9714 109.9675 0011893  24.0499  29.8387 14.10556085260115
YAOGAN 13               
1 37941U 11072A   16299.51881640  .00120481  00000-0  58845-2 0  9993
2 37941  97.4702 224.1663 0002384  59.4297  26.8136 15.17712469272068
PLEIADES 1A             
1 38012U 11076F   16299.38283216  .00000054  00000-0  21528-4 0  9990
2 38012  98.1892  11.9168 0001127  77.8693 282.2634 14.58556842258639
ZIYUAN 1-02C (ZY 1-02C) 
1 38038U 11079A   16299.43653329  .00000085  00000-0  44368-4 0  9994
2 38038  98.3762   4.6492 0001709  89.6557 270.4825 14.35434741253825
ZIYUAN 3 (ZY 3)         
1 38046U 12001A   16299.51581192  .00001113  00000-0  52569-4 0  9991
2 38046  97.3157   6.9107 0002959  71.7832  52.3853 15.21414829266277
RISAT 1                 
1 38248U 12017A   16299.55335613 -.00008342  00000-0 -52544-3 0  9996
2 38248  97.5641 304.3146 0006065 113.9591   1.2240 15.08932936247857
ARIRANG-3 (KOMPSAT-3)   
1 38338U 12025B   16299.37688010  .00000109  00000-0  31489-4 0  9994
2 38338  98.1716 234.7529 0009907 355.0119   5.0977 14.61456337236885
KANOPUS-V 1             
1 38707U 12039A   16299.55139036  .00000557  00000-0  29075-4 0  9993
2 38707  97.4480 214.3978 0001527  83.7821  41.0898 15.19944637236412
EXACTVIEW-1 (ADS-1B)    
1 38709U 12039C   16299.43367277  .00000004  00000-0  22280-4 0  9990
2 38709  99.0647 262.2076 0010314 201.2484 158.8270 14.23910176221425
SPOT 6                  
1 38755U 12047A   16299.39897565  .00000028  00000-0  15773-4 0  9998
2 38755  98.1711   4.3943 0001599  82.3967 277.7416 14.58565202219711
PLEIADES 1B             
1 39019U 12068A   16299.41734917  .00000059  00000-0  22596-4 0  9994
2 39019  98.1917  12.0203 0001224  79.5005 280.6332 14.58557608207497
GOKTURK 2               
1 39030U 12073A   16299.37835732  .00000063  00000-0  19059-4 0  9990
2 39030  98.0161 189.8809 0012095 183.0151 177.0966 14.69011542206019
LANDSAT 8               
1 39084U 13008A   16300.47617628  .00000145  00000-0  42150-4 0  9993
2 39084  98.2115   8.4310 0001382  94.6786 265.4095 14.57109994197021
SARAL                   
1 39086U 13009A   16299.19032828  .00000028  00000-0  26659-4 0  9991
2 39086  98.5396 124.4719 0000885 151.7806 208.3425 14.31983836191477
GAOFEN 1                
1 39150U 13018A   16299.43228002  .00000139  00000-0  27345-4 0  9997
2 39150  97.9695  20.5078 0020143  91.7422 268.6092 14.76490639188607
VNREDSAT 1              
1 39160U 13021B   16299.39033756  .00000127  00000-0  33897-4 0  9993
2 39160  98.1067  13.6648 0001337  76.6161 283.5188 14.62935040185273
ARIRANG-5 (KOMPSAT-5)   
1 39227U 13042A   16299.49550517 -.00000532  00000-0 -33727-4 0  9994
2 39227  97.6041 122.1404 0001674  90.2936 353.8121 15.04510301174402
YAOGAN 18               
1 39363U 13059A   16299.54173122  .00001013  00000-0  53246-4 0  9993
2 39363  97.4209   7.0378 0001348  82.0186  29.1489 15.17884774165729
SKYSAT-1                
1 39418U 13066C   16299.28124483 -.00000311  00000-0 -20970-4 0  9999
2 39418  97.7184  19.1841 0022145 355.5432   4.5625 14.98292643159902
DUBAISAT-2              
1 39419U 13066D   16299.43863309  .00000765  00000-0  78065-4 0  9993
2 39419  97.7050  11.2248 0013467 336.3134  23.7466 14.93461908159466
GPM-CORE                
1 39574U 14009C   16299.22043281  .00010976  00000-0  16339-3 0  9999
2 39574  65.0120 358.8681 0010109 279.3250  80.6753 15.55495993150978
SENTINEL-1A             
1 39634U 14016A   16299.40157599 -.00000156  00000-0 -23483-4 0  9992
2 39634  98.1816 304.4049 0001276  76.1072 284.0273 14.59197257136458
KAZEOSAT 1              
1 39731U 14024A   16299.40194232  .00000033  00000-0  23473-4 0  9995
2 39731  98.4422  15.4257 0001246  77.4478 282.6851 14.42000233131059
ALOS-2                  
1 39766U 14029A   16299.42901085  .00000233  00000-0  38064-4 0  9996
2 39766  97.9222  34.1322 0001349  88.0374 272.1003 14.79473432130896
KAZEOSAT 2              
1 40010U 14033A   16299.38008536  .00000094  00000-0  18591-4 0  9997
2 40010  97.9089 197.9911 0016242 325.4593  34.5547 14.82063348127166
HODOYOSHI-4             
1 40011U 14033B   16299.34576087  .00000203  00000-0  33104-4 0  9994
2 40011  97.9031 195.1790 0026145 316.6734  43.2410 14.80768558127003
DEIMOS-2                
1 40013U 14033D   16299.39222915  .00000367  00000-0  49646-4 0  9998
2 40013  97.8959 199.6979 0002170  42.5896 317.5469 14.84761149127360
HODOYOSHI-3             
1 40015U 14033F   16299.28983044  .00000344  00000-0  54310-4 0  9994
2 40015  97.8965 191.2965 0036318 318.6402  41.2060 14.78140011126777
SPOT 7                  
1 40053U 14034A   16299.43350739 -.00000046  00000-0  00000+0 0  9995
2 40053  98.1857   4.5088 0001303  73.1662 286.9682 14.58559168123659
SKYSAT-2                
1 40072U 14037D   16299.34331129  .00000172  00000-0  29661-4 0  9999
2 40072  98.3299  35.3544 0007411  81.5519 278.6528 14.80902349124220
WORLDVIEW-3 (WV-3)      
1 40115U 14048A   16299.33148658  .00000181  00000-0  27652-4 0  9999
2 40115  97.8910  16.1689 0001276  38.2067 321.9236 14.84726338119250
YAOGAN 21               
1 40143U 14053A   16299.44785941  .00001506  00000-0  62884-4 0  9998
2 40143  97.3381  11.6643 0010535 308.6447 106.5695 15.25144008118633
YAOGAN 22               
1 40275U 14063A   16299.55525665 -.00000044  00000-0  00000+0 0  9996
2 40275 100.3939  51.1287 0005814 243.9029 116.1489 13.15314086 96799
ASNARO                  
1 40298U 14070A   16299.53051794  .00001737  00000-0  84702-4 0  9999
2 40298  97.4265  19.6194 0001179  87.3743  37.0440 15.19629570109225
HODOYOSHI-1             
1 40299U 14070B   16299.47486433  .00001191  00000-0  55574-4 0  9994
2 40299  97.4218  19.6218 0012966 188.7340 226.0459 15.21716958109248
CHUBUSAT-1              
1 40300U 14070C   16299.49668605  .00001237  00000-0  59934-4 0  9997
2 40300  97.4167  17.5020 0020327 198.8701 289.9407 15.20262247109129
QSAT-EOS                
1 40301U 14070D   16299.52212935  .00002559  00000-0  11420-3 0  9998
2 40301  97.4105  17.0500 0028043 198.3434 286.5416 15.21951931109120
TSUBAME                 
1 40302U 14070E   16299.51670674  .00001047  00000-0  57447-4 0  9997
2 40302  97.4040  11.7668 0039316 216.5374 271.8641 15.15737100108798
YAOGAN 23               
1 40305U 14071A   16299.55654981  .00001372  00000-0  70776-4 0  9999
2 40305  97.4028 236.1863 0002125  94.8013 351.0906 15.17982203107839
YAOGAN 24               
1 40310U 14072A   16299.42057496  .00000139  00000-0  26978-4 0  9995
2 40310  97.9804  55.9043 0018356 104.8710 255.4528 14.77041540104062
CBERS-4                 
1 40336U 14079A   16299.44561376  .00000031  00000-0  25855-4 0  9993
2 40336  98.4798  12.5148 0001520  66.7915 293.3427 14.35455150 98736
RESURS P2               
1 40360U 14087A   16299.49251362  .00001834  00000-0  62109-4 0  9990
2 40360  97.2830  31.2095 0008369 247.5720 168.5644 15.31829421102459
YAOGAN 26               
1 40362U 14088A   16299.56267926  .00001888  00000-0  75377-4 0  9994
2 40362  97.3774  15.7309 0006456  37.4577  74.0935 15.26373527101969
SMAP                    
1 40376U 15003A   16299.44879090  .00000095  00000-0  27352-4 0  9994
2 40376  98.1240 304.6175 0000825 128.7701 231.3572 14.63438667 92566
KOMPSAT 3A              
1 40536U 15014A   16299.57173692  .00001142  00000-0  69664-4 0  9999
2 40536  97.5662 237.7979 0011506  80.2989  25.8052 15.12287436 87598
SENTINEL-2A             
1 40697U 15028A   16299.21446112  .00000057  00000-0  38400-4 0  9991
2 40697  98.5670  11.5371 0001067  97.4118 262.7191 14.30814512 70098
CARBONITE 1 (CBNT-1)    
1 40718U 15032D   16299.08053559  .00000149  00000-0  29996-4 0  9996
2 40718  97.9914 188.5280 0017208 168.6912 191.4706 14.74466330 69601
YAOGAN 27               
1 40878U 15040A   16299.53033040 -.00000045  00000-0  00000+0 0  9991
2 40878 100.4333 358.0278 0008611  30.4488 329.7129 13.15950914 55954
LAPAN-A2                
1 40931U 15052B   16298.57099497  .00000774  00000-0  18946-4 0  9996
2 40931   5.9982 112.6703 0012329 150.1205 209.9690 14.76492731 58083
YAOGAN 28               
1 41026U 15064A   16299.55704316  .00002118  00000-0  74823-4 0  9997
2 41026  97.2884  65.3904 0010654  72.1015  56.5655 15.30251506 53875
YAOGAN 29               
1 41038U 15069A   16299.38054819  .00000056  00000-0  14083-4 0  9993
2 41038  97.8740 279.6537 0000925  66.6261 293.5059 14.80345927 49341
KENT RIDGE 1            
1 41167U 15077B   16297.78595565  .00001062  00000-0  25382-4 0  9997
2 41167  14.9791  99.9504 0011659 331.9674 146.7458 15.08526719 47182
TELEOS 1                
1 41169U 15077D   16299.52729507  .00001517  00000-0  52939-4 0  9991
2 41169  14.9799  86.6657 0010788 352.8439  72.2271 15.08952402 47455
JASON-3                 
1 41240U 16002A   16299.47032406 -.00000057  00000-0  16196-4 0  9993
2 41240  66.0413 249.6538 0007773 267.8081  92.2044 12.80929588 36086
SENTINEL-3A             
1 41335U 16011A   16299.43437014  .00000018  00000-0  25501-4 0  9994
2 41335  98.6254   4.2293 0001307  93.9370 266.1959 14.26740009 35889
SENTINEL-1B             
1 41456U 16025A   16299.50394639 -.00000197  00000-0 -32064-4 0  9998
2 41456  98.1816 304.3309 0001300  76.7028 283.4316 14.59196919 26639
ZIYUAN 3-2              
1 41556U 16033A   16299.55967878  .00001137  00000-0  53901-4 0  9990
2 41556  97.4878  12.0620 0001750  34.3012  76.2334 15.21336071 22573
NUSAT 1 (FRESCO)        
1 41557U 16033B   16299.50391263  .00002056  00000-0  82504-4 0  9997
2 41557  97.4865  12.8828 0016154 112.2832  12.8279 15.26036359 22629
NUSAT 2 (BATATA)        
1 41558U 16033C   16299.51792722  .00002154  00000-0  86666-4 0  9996
2 41558  97.4891  12.9123 0015716 111.1380  16.5492 15.25899883 22623
CARTOSAT-2C             
1 41599U 16040A   16299.45398473  .00000712  00000-0  37215-4 0  9991
2 41599  97.4922 357.6715 0014956 163.4047 253.6196 15.19011123 19014
SKYSAT-C1               
1 41601U 16040C   16298.22894970  .00000909  00000-0  43036-4 0  9998
2 41601  97.4971 356.8897 0002120 130.9922 229.1448 15.21882204 18853
LAPAN-A3                
1 41603U 16040E   16299.57815073  .00000313  00000-0  18143-4 0  9996
2 41603  97.4961 357.9065 0013769 165.5630 324.1466 15.19171231 19039
BIROS                   
1 41604U 16040F   16299.01221483  .00005710  00000-0  27020-3 0  9991
2 41604  97.4957 357.3750 0013151 165.4531 194.7051 15.19683520 18954
3CAT-2                  
1 41732U 16051B   16299.45740941  .00001978  00000-0  84485-4 0  9999
2 41732  97.3734 214.0543 0015504  26.3435  62.5086 15.23948526 10776
SKYSAT-C4               
1 41771U 16058B   16299.28391128 -.00000068  00000-0  00000+0 0  9995
2 41771  97.4177   9.8427 0002314  71.5345 329.4854 15.21213153  5950
SKYSAT-C5               
1 41772U 16058C   16299.28878235 -.00000068  00000-0  00000+0 0  9995
2 41772  97.4147   9.8382 0002506  56.1540 348.1437 15.20988270  5950
SKYSAT-C2               
1 41773U 16058D   16299.27204751 -.00000068  00000-0  00000+0 0  9991
2 41773  97.4172   9.8588 0001834  67.7859 333.1776 15.21812900  5947
SKYSAT-C3               
1 41774U 16058E   16299.27782057 -.00000068  00000-0  00000+0 0  9992
2 41774  97.4165   9.8504 0001796  78.2516 322.5218 15.21569805  5948
PATHFINDER 1            
1 41787U 16059E   16299.11670672  .00000121  00000-0  32672-4 0  9993
2 41787  98.2015 356.5228 0030603 174.7192 185.4352 14.63452809  4204
