GORIZONT 1 [-]          
1 11158U 78118A   16297.51218499 -.00000058  00000-0  00000+0 0  9998
2 11158  16.3448 272.7784 3444524 181.6027 176.8865  1.00274332 87583
GORIZONT 2 [-]          
1 11440U 79062A   16299.09725334 -.00000113  00000-0  00000+0 0  9999
2 11440  13.1989 326.3584 0008311 245.7840 290.1220  1.00307397102691
GORIZONT 3 [-]          
1 11648U 79105A   16297.95263432 -.00000305  00000-0  00000-0 0  9990
2 11648  13.2982 327.5333 0013501 178.5388 326.7461  1.00215588 87153
GORIZONT 4 [-]          
1 11841U 80049A   16298.34258473 -.00000102  00000-0  00000+0 0  9991
2 11841  14.2662 331.8927 0007077 255.6587 213.6544  0.98628306198803
GORIZONT 5 [-]          
1 13092U 82020A   16296.89904536 -.00000152  00000-0  00000-0 0  9994
2 13092  14.9754 336.6792 0033812 162.8155 233.6996  0.98532677 86872
GORIZONT 6 [-]          
1 13624U 82103A   16298.20860633 -.00000265  00000-0  00000+0 0  9997
2 13624  13.8331 336.5424 0004638 227.5078 230.8426  1.00293394 85601
GORIZONT 7 [-]          
1 14160U 83066A   16299.44645169 -.00000110  00000-0  00000+0 0  9993
2 14160  15.0040 344.1889 0015512 254.7939 245.9638  0.98347173120152
GORIZONT 8 [-]          
1 14532U 83118A   16299.10168755 -.00000038  00000-0  00000+0 0  9997
2 14532  15.0569 345.7601 0023469 100.6583  39.9362  0.98268284 85929
GORIZONT 9 [-]          
1 14940U 84041A   16297.70844387  .00000050  00000-0  00000-0 0  9996
2 14940  14.3034 344.4684 0008097 206.1449 150.8967  1.00257504 86608
GORIZONT 10 [-]         
1 15144U 84078A   16298.07803494 -.00000260  00000-0  00000+0 0  9991
2 15144  14.3306 345.4495 0006078 246.6950 105.1458  1.00371928119287
GORIZONT 11 [-]         
1 15484U 85007A   16297.78348036 -.00000179  00000-0  00000-0 0  9994
2 15484  14.3692 347.2056 0003609 223.1176  86.6726  1.00256841117298
GORIZONT 12 [-]         
1 16769U 86044A   16297.95629331 -.00000140  00000-0  00000-0 0  9990
2 16769  14.6065 352.0570 0007521 228.6267 231.1865  1.00348388111939
GORIZONT 13 [-]         
1 17083U 86090A   16297.36183421 -.00000138  00000-0  00000-0 0  9998
2 17083  16.0228 357.9051 0019033 267.4427 100.2581  0.96725949 84569
GORIZONT 14 [-]         
1 17969U 87040A   16298.26424124 -.00000161  00000-0  00000+0 0  9990
2 17969  15.6204 350.3067 0028085 130.0179 323.7548  0.97658996 85442
GORIZONT 15 [-]         
1 19017U 88028A   16299.52501602 -.00000111  00000-0  00000+0 0  9995
2 19017  16.0144   1.2810 0032778 109.0878 327.8718  0.97828178 85030
GORIZONT 16 [-]         
1 19397U 88071A   16299.22953706  .00000091  00000-0  00000+0 0  9993
2 19397  14.9303   0.2473 0011093 332.1162 176.5616  0.99975091103015
GORIZONT 17 [-]         
1 19765U 89004A   16298.78075498  .00000038  00000-0  00000+0 0  9993
2 19765  15.2198   3.1396 0016515  86.0607 278.4914  0.99063766100678
GORIZONT 18 [-]         
1 20107U 89052A   16294.61163362  .00000047  00000-0  00000+0 0  9994
2 20107  15.1417   4.5405 0039640 255.8789  29.2955  0.99399278 99359
GORIZONT 19 [-]         
1 20263U 89081A   16297.70907656 -.00000135  00000-0  00000+0 0  9993
2 20263  14.9146   3.9933 0008386 216.9980 144.7727  1.00189734 99167
GORIZONT 20 [-]         
1 20659U 90054A   16297.70884025 -.00000060  00000-0  00000-0 0  9996
2 20659  15.0968   6.9471 0007652 167.9749 181.7818  1.00225099 96369
GORIZONT 21 [-]         
1 20923U 90094A   16298.77007005 -.00000349  00000-0  00000+0 0  9996
2 20923  15.0400   7.7398 0008337 197.0726 238.3164  1.00327687 95123
GORIZONT 22 [-]         
1 20953U 90102A   16295.73200862 -.00000005  00000-0  00000+0 0  9997
2 20953  14.9690   8.0515 0006657 246.0561  46.2193  1.00246815 95047
GORIZONT 23 [-]         
1 21533U 91046A   16293.86707377 -.00000063  00000-0  00000+0 0  9999
2 21533  15.3841  11.7348 0010293 232.9623 126.0750  0.98908310 85848
GORIZONT 24 [-]         
1 21759U 91074A   16297.90658130 -.00000012  00000-0  00000-0 0  9996
2 21759  15.3794  13.2881 0022598 181.7667 227.2815  0.98441275 90275
GORIZONT 25 [-]         
1 21922U 92017A   16296.98161550 -.00000003  00000-0  00000+0 0  9997
2 21922  14.9547  13.1070 0021846  17.4168  10.9482  0.99854584 89742
GORIZONT 26 [-]         
1 22041U 92043A   16297.36232970  .00000039  00000-0  00000+0 0  9995
2 22041  14.9597  14.7205 0036220 184.2944 185.3655  0.99241830 88522
GORIZONT 27 [-]         
1 22245U 92082A   16296.71745929  .00000024  00000-0  00000+0 0  9999
2 22245  14.8837  14.9421 0013940 279.1759   7.4722  1.00197108 91836
GORIZONT 28 [-]         
1 22880U 93069A   16298.34625729 -.00000286  00000-0  00000+0 0  9997
2 22880  14.6899  18.2813 0029042  83.4830   0.3210  0.99653001 84039
GORIZONT 29 [-]         
1 22907U 93072A   16299.14426251 -.00000313  00000-0  00000+0 0  9990
2 22907  14.6391  18.0116 0014216 257.9442 112.2598  1.00136136 83932
GORIZONT 30 [-]         
1 23108U 94030A   16297.59530988 -.00000154  00000-0  00000-0 0  9993
2 23108  14.5597  19.0348 0007511 203.5679 286.1774  1.00159303 82140
GORIZONT 31 [-]         
1 23775U 96005A   16299.47396340 -.00000268  00000-0  00000+0 0  9993
2 23775  13.9322  24.5304 0022450 157.9806 314.5900  0.99888355 75866
GORIZONT 32 [-]         
1 23880U 96034A   16299.45535536  .00000060  00000-0  00000+0 0  9991
2 23880  13.8300  25.2025 0011397 259.0005 104.1423  1.00196035 74760
GORIZONT 33 [-]         
1 26372U 00029A   16297.83695039 -.00000276  00000-0  00000+0 0  9994
2 26372  11.6181  34.5732 0003776 186.4380 257.5018  1.00258730 60085
