RADUGA 1 [-]            
1 08513U 75123A   16297.66410032 -.00000061  00000-0  00000+0 0  9999
2 08513  10.9005 314.9880 0007639 191.4116 192.5765  1.00290086159618
RADUGA 2 [-]            
1 09416U 76092A   16297.95234608 -.00000220  00000-0  00000-0 0  9991
2 09416  11.5050 316.8635 0030266 287.1500 216.8692  1.00285147 94012
RADUGA 3 [-]            
1 10159U 77071A   16297.70839050  .00000055  00000-0  00000+0 0  9994
2 10159  12.0432 319.1384 0010845 204.5544 176.1160  1.00339611141722
RADUGA 4 [-]            
1 10987U 78073A   16297.82175887 -.00000381  00000-0  00000-0 0  9994
2 10987  12.5520 321.9827 0013430 281.7645 195.8455  1.00261691 84272
RADUGA 5 [-]            
1 11343U 79035A   16298.86750587 -.00000144  00000-0  00000+0 0  9997
2 11343  12.9100 324.2093 0002769 202.0082 257.6795  1.00248781 94003
RADUGA 6 [-]            
1 11708U 80016A   16297.63787200 -.00000324  00000-0  00000-0 0  9990
2 11708  13.1510 326.6631 0005595 231.7535 163.3216  1.00226442 86835
RADUGA 7 [-]            
1 12003U 80081A   16298.76049367  .00000037  00000-0  00000+0 0  9990
2 12003  13.2513 328.2709 0014526 230.1319 293.4129  1.00261847 88095
RADUGA 8 [-]            
1 12351U 81027A   16298.35451373 -.00000150  00000-0  00000+0 0  9993
2 12351  13.5451 329.0787 0086880 171.0173   4.4148  1.00354497 87176
RADUGA 9 [-]            
1 12618U 81069A   16297.68502774 -.00000147  00000-0  00000+0 0  9998
2 12618  13.6405 331.2206 0002802 240.3973 146.9785  1.00188957 93007
RADUGA 10 [-]           
1 12897U 81102A   16298.56223766 -.00000213  00000-0  00000+0 0  9998
2 12897  13.6828 331.9448 0005123 185.6924 162.9538  1.00263450 82088
RADUGA 11 [-]           
1 13669U 82113A   16295.82543907 -.00000170  00000-0  00000+0 0  9999
2 13669  15.0695 342.8072 0043436 201.6354 155.1572  0.97709330 87087
RADUGA 12 [-]           
1 13974U 83028A   16297.95629331 -.00000131  00000-0  00000-0 0  9994
2 13974  14.2959 340.2438 0004219 251.4270 220.4705  1.00295973134056
RADUGA 13 [-]           
1 14307U 83088A   16298.71402897 -.00000120  00000-0  00000+0 0  9999
2 14307  15.1839 344.5033 0015432 328.7328  87.7538  0.98173434 84351
RADUGA 14 [-]           
1 14725U 84016A   16298.70528887 -.00000169  00000-0  00000+0 0  9995
2 14725  14.2748 343.2767 0002753 210.2173 174.2473  1.00248578 82768
RADUGA 15 [-]           
1 15057U 84063A   16298.56305331 -.00000391  00000-0  00000+0 0  9994
2 15057  14.3302 344.2514 0003199 190.2611 179.5964  1.00330780105760
RADUGA 16 [-]           
1 15946U 85070A   16299.36630630 -.00000251  00000-0  00000+0 0  9997
2 15946  14.4736 348.3927 0005474 228.7249 278.6323  1.00282659 86909
RADUGA 17 [-]           
1 16250U 85107A   16298.65901185 -.00000213  00000-0  00000+0 0  9992
2 16250  14.5038 349.5626 0012924 160.2828 208.8213  1.00124781116519
RADUGA 18 [-]           
1 16497U 86007A   16298.12920447 -.00000029  00000-0  00000+0 0  9994
2 16497  15.1568 351.8157 0071028 112.3611 237.5410  0.98810601111107
RADUGA 19 [-]           
1 17046U 86082A   16295.77402595 -.00000019  00000-0  00000+0 0  9994
2 17046  15.2943 355.2853 0008442 124.6678 247.2203  0.98458759108247
RADUGA 20 [-]           
1 17611U 87028A   16296.31056362 -.00000169  00000-0  00000+0 0  9997
2 17611  17.0621 358.7967 0023155  90.1477 236.6866  0.95963096104463
RADUGA 21 [-]           
1 18631U 87100A   16297.57025991  .00000070  00000-0  00000+0 0  9994
2 18631  15.2262 357.2162 0003847 213.3321 243.0113  1.00328057105749
RADUGA 22 [-]           
1 19596U 88095A   16298.66630956  .00000012  00000-0  00000+0 0  9999
2 19596  14.8746   0.7751 0004160 156.2565 177.9504  1.00163877 86373
RADUGA 23 [-]           
1 19928U 89030A   16298.65052037  .00000067  00000-0  00000+0 0  9995
2 19928  14.8706   2.4407 0018616 122.2240 195.0850  1.00195714 99520
RADUGA-1 1 [-]          
1 20083U 89048A   16298.49617493 -.00000178  00000-0  00000+0 0  9997
2 20083  15.4029   4.9894 0015090  63.8795 330.5476  0.98709962 96488
RADUGA 24 [-]           
1 20367U 89098A   16299.03377220 -.00000061  00000-0  00000+0 0  9990
2 20367  15.2392   5.0394 0005549 216.1654 251.4542  1.00336761 97715
RADUGA 25 [-]           
1 20499U 90016A   16297.47600454  .00000089  00000-0  00000+0 0  9991
2 20499  14.9630   5.4472 0004902 206.7029 195.4830  1.00333713 97616
RADUGA 26 [-]           
1 21016U 90112A   16298.83328841 -.00000312  00000-0  00000+0 0  9992
2 21016  14.9887   8.5417 0001224 305.1892 116.4526  1.00283298 94923
RADUGA-1 2 [-]          
1 21038U 90116A   16299.00639480 -.00000245  00000-0  00000+0 0  9999
2 21038  15.0202   8.6585 0001486  41.6448  72.7822  1.00323971 94595
RADUGA 27 [-]           
1 21132U 91014A   16298.98577832  .00000067  00000-0  00000+0 0  9991
2 21132  15.5375   8.9245 0003136 222.6829 174.9168  1.00263681 93981
RADUGA 28 [-]           
1 21821U 91087A   16297.69535154 -.00000291  00000-0  00000+0 0  9994
2 21821  15.0007  11.9820 0003045 141.9602 220.6704  1.00354928 91020
RADUGA 29 [-]           
1 22557U 93013A   16297.95660133 -.00000330  00000-0  00000-0 0  9992
2 22557  14.8236  16.0907 0002152 172.8541 285.2765  1.00374405 86359
RADUGA 30 [-]           
1 22836U 93062A   16298.67994586 -.00000074  00000-0  00000+0 0  9992
2 22836  14.6912  17.8642 0007177 221.8864 108.5736  1.00265396 84449
RADUGA-1 3 [-]          
1 22981U 94008A   16299.10135159  .00000066  00000-0  00000+0 0  9996
2 22981  14.6610  19.0697 0004210 200.1376 263.0924  1.00246206 83198
RADUGA 31 [-]           
1 23010U 94012A   16298.72545096 -.00000341  00000-0  00000+0 0  9994
2 23010  14.6303  19.0286 0001740 204.1197 173.9257  1.00243696 83025
RADUGA 32 [-]           
1 23448U 94087A   16297.95644407 -.00000085  00000-0  00000-0 0  9997
2 23448  14.3725  21.5701 0010989 191.4533 235.3210  1.00265051 97556
RADUGA-1 4 [-]          
1 25642U 99010A   16298.72598324 -.00000325  00000-0  00000+0 0  9994
2 25642  13.8562  33.9067 0007470 192.5490 169.5142  1.00213305 64656
RADUGA-1 5 [-]          
1 26477U 00049A   16297.77817670 -.00000343  00000-0  00000-0 0  9998
2 26477  11.5101  35.8586 0003072 198.6503 179.6739  1.00305871 59096
RADUGA-1 6 [-]          
1 26936U 01045A   16297.63307422 -.00000204  00000-0  00000+0 0  9994
2 26936  11.1283  41.0945 0017963 131.1336 250.4939  0.97746120 54132
RADUGA-1 7 [-]          
1 28194U 04010A   16297.71391852 -.00000365  00000-0  00000+0 0  9994
2 28194   9.3584  48.4253 0005492 169.9079 200.4233  1.00261909 46071
RADUGA-1M 1 [-]         
1 32373U 07058A   16299.21916069  .00000021  00000-0  00000+0 0  9991
2 32373   2.6115  74.4132 0003879 174.9919  66.5285  0.99398579 33303
RADUGA-1 8 [-]          
1 34264U 09010A   16298.18945692  .00000031  00000-0  00000+0 0  9992
2 34264   5.2819  70.5630 0008101 291.3968 291.2004  0.99828772 27992
RADUGA-1M 2 [+]         
1 36358U 10002A   16299.02754854 -.00000207  00000-0  00000+0 0  9999
2 36358   0.0202 259.3858 0003306   4.0414 225.3560  1.00272846 24690
RADUGA-1M 3 [+]         
1 39375U 13062A   16299.57030884 -.00000060  00000-0  00000+0 0  9997
2 39375   0.0014 195.4714 0001881  47.4368  66.8169  1.00272872 10810
