TDRS 3                  
1 19548U 88091B   16298.93694191 -.00000314  00000-0  00000+0 0  9999
2 19548  14.8516  10.6149 0036625 301.6442 356.6233  1.00272735 90045
HST                     
1 20580U 90037B   16298.86872685  .00000868  00000-0  42941-4 0  9996
2 20580  28.4690 122.2206 0002815 159.0650  48.3252 15.08561860254716
TDRS 5                  
1 21639U 91054B   16299.20314495  .00000075  00000-0  00000+0 0  9996
2 21639  14.2113  23.9360 0020413 330.5188 305.2841  1.00264286 92391
TDRS 6                  
1 22314U 93003B   16299.37017022 -.00000303  00000-0  00000+0 0  9992
2 22314  13.7197  26.8223 0006783 255.5742 199.2918  1.00274522 87062
TDRS 7                  
1 23613U 95035B   16299.08013359 -.00000214  00000-0  00000+0 0  9990
2 23613  14.8745  17.6480 0017531  25.8845 104.1240  1.00272118 77830
ISS (ZARYA)             
1 25544U 98067A   16299.59642546  .00003793  00000-0  64070-4 0  9991
2 25544  51.6428 127.5953 0007133 109.3258 356.6713 15.54325757 25273
LANDSAT 7               
1 25682U 99020A   16299.27609776  .00000298  00000-0  76069-4 0  9995
2 25682  98.2015   7.8274 0001169  49.9564 310.1724 14.57118171932381
TERRA                   
1 25994U 99068A   16299.21780070  .00000281  00000-0  72344-4 0  9998
2 25994  98.2110  11.6235 0001116  85.4932 274.6397 14.57112178896457
TDRS 8                  
1 26388U 00034A   16297.82292379 -.00000245  00000-0  00000+0 0  9992
2 26388   7.0905  57.8927 0008798 176.5273 183.4636  1.00279743 59841
EO-1                    
1 26619U 00075A   16299.54105431  .00000257  00000-0  57214-4 0  9993
2 26619  97.8660 333.5535 0010478 126.8337 233.3849 14.64315073849196
TIMED                   
1 26998U 01055B   16299.48287367  .00000372  00000-0  44750-4 0  9993
2 26998  74.0723  62.1155 0001000 229.2527 130.8567 14.87801241806571
TDRS 9                  
1 27389U 02011A   16299.23892370 -.00000115  00000-0  00000+0 0  9991
2 27389   4.7651  82.1715 0018347 220.0347 165.8514  1.00272366 55129
AQUA                    
1 27424U 02022A   16299.53309505  .00000225  00000-0  60108-4 0  9990
2 27424  98.2105 238.1124 0002094  99.3097  14.0845 14.57105195770104
TDRS 10                 
1 27566U 02055A   16298.55668781  .00000061  00000-0  00000+0 0  9996
2 27566   4.6233  59.4314 0010698 196.0175 163.9490  1.00271100 50903
SORCE                   
1 27651U 03004A   16299.15908719  .00000525  00000-0  69729-4 0  9994
2 27651  39.9950 191.3041 0021549  22.0638 338.1074 14.88498388745754
AURA                    
1 28376U 04026A   16298.83039811  .00000232  00000-0  61598-4 0  9997
2 28376  98.2110 239.5819 0001566  80.0845 280.0530 14.57107615653042
SWIFT                   
1 28485U 04047A   16299.48076097  .00001726  00000-0  91432-4 0  9999
2 28485  20.5577 335.1644 0011585 152.9226 207.1814 15.03416131652830
THEMIS A                
1 30580U 07004A   16299.49513107  .00000197  00000-0  87413-1 0  9995
2 30580   7.8999 262.2335 8422027  33.3423   0.0271  0.87747880 35014
THEMIS D                
1 30797U 07004D   16298.29048885  .00000008  00000-0  56627-2 0  9993
2 30797   2.8065 225.2844 8253746  77.2121 354.3928  1.00538558 35121
THEMIS E                
1 30798U 07004E   16299.06026816  .00001124  00000-0  40860+0 0  9999
2 30798   4.1249 253.3906 8258844  50.0365   0.1243  1.00052903 35261
AIM                     
1 31304U 07015A   16299.52270149  .00002460  00000-0  14958-3 0  9993
2 31304  97.9832 101.7812 0004727 202.8551 157.2469 15.11473633519489
FGRST (GLAST)           
1 33053U 08029A   16297.88624712  .00000801  00000-0  29767-4 0  9990
2 33053  25.5820 171.6494 0012747  70.1113 290.0795 15.10738898461524
WISE                    
1 36119U 09071A   16299.52532955  .00002077  00000-0  79622-4 0  9996
2 36119  97.4732 321.0449 0004369  74.2196 285.9524 15.27663378380440
TDRS 11                 
1 39070U 13004A   16298.29631699  .00000063  00000-0  00000+0 0  9996
2 39070   5.6946 328.9189 0011137 279.6086  80.1189  1.00268501 13668
TDRS 12                 
1 39504U 14004A   16298.95412207 -.00000300  00000-0  00000+0 0  9999
2 39504   6.2241 336.3879 0005381 273.2625  86.5498  1.00265763 10136
GPM-CORE                
1 39574U 14009C   16299.22043281  .00010976  00000-0  16339-3 0  9999
2 39574  65.0120 358.8681 0010109 279.3250  80.6753 15.55495993150978
MMS 1                   
1 40482U 15011A   16298.13556873 -.00000207  00000-0  00000+0 0  9999
2 40482  28.8268 324.6449 8143906 127.1603 336.5892  1.00490031  5949
MMS 2                   
1 40483U 15011B   16298.13556102 -.00000207  00000-0  00000+0 0  9995
2 40483  28.8046 324.6503 8144419 127.1854 336.5693  1.00489963  5944
MMS 3                   
1 40484U 15011C   16298.13565739 -.00000207  00000-0  00000+0 0  9992
2 40484  28.8118 324.6420 8145432 127.1927 336.5899  1.00488519  5944
MMS 4                   
1 40485U 15011D   16297.14075575 -.00000188  00000-0  00000+0 0  9995
2 40485  28.8030 324.7422 8144874 127.0210 336.7247  1.00489153  5926
