INTELSAT 701 (IS-701)   
1 22871U 93066A   16299.24682671 -.00000234  00000-0  00000+0 0  9996
2 22871   3.7492  68.2278 0004437 159.7415 225.4887  1.00271693 84041
INTELSAT 702 (IS-702)   
1 23124U 94034A   16297.52275480 -.00000042  00000-0  00000+0 0  9996
2 23124   4.0872  66.3779 0003906 214.0570 145.9482  0.98939210 96043
INTELSAT 26 (IS-26)     
1 24732U 97007A   16298.96981057 -.00000012  00000-0  00000+0 0  9995
2 24732   7.0928  51.7541 0005034 193.2748 202.1555  1.00272993 71961
GALAXY 25 (G-25)        
1 24812U 97026A   16299.16413362 -.00000184  00000-0  00000+0 0  9997
2 24812   0.0214 282.1835 0003285 280.7566 157.0662  1.00269450 71043
INTELSAT 5 (IS-5)       
1 24916U 97046A   16298.67172143 -.00000160  00000-0  00000+0 0  9992
2 24916   3.0848  72.2236 0004195 155.3859 204.7292  1.00271732 70291
INTELSAT 805 (IS-805)   
1 25371U 98037A   16298.59563456 -.00000053  00000-0  00000+0 0  9992
2 25371   0.0406  73.6708 0002879 150.9420 192.2628  1.00273028 67240
AFRISTAR                
1 25515U 98063A   16298.21794984  .00000104  00000-0  00000+0 0  9998
2 25515   2.8416  70.3081 0004282 137.2898 284.9314  1.00270777 65805
INTELSAT 8 (IS-8)       
1 25522U 98065A   16298.59563456 -.00000054  00000-0  00000+0 0  9992
2 25522   0.5253  89.0430 0002751 131.6634 196.0613  1.00271795 65803
GALAXY 11 (G-11)        
1 26038U 99071A   16298.81551990  .00000114  00000-0  00000+0 0  9994
2 26038   0.0272 334.2221 0000214 139.9518 258.0375  1.00269361 61793
SIRIUS-1                
1 26390U 00035A   16294.78413194 -.00000011  00000-0  00000+0 0  9999
2 26390  59.5810 231.2644 0285675 260.0440 139.8252  1.50604729 59762
INTELSAT 9 (IS-9)       
1 26451U 00043A   16299.43496866 -.00000289  00000-0  00000+0 0  9997
2 26451   3.0730  72.4467 0003297 166.0894 269.2367  1.00272361 59537
INTELSAT 12 (IS-12)     
1 26590U 00068A   16298.15301808  .00000113  00000-0  00000+0 0  9992
2 26590   0.0571  93.0903 0002049 160.5528 239.4303  1.00271448 58478
INTELSAT 1R (IS-1R)     
1 26608U 00072A   16298.07889633 -.00000306  00000-0  00000+0 0  9990
2 26608   0.0207 291.8143 0001166 203.0924 236.3094  1.00269131 58334
INTELSAT 10 (IS-10)     
1 26766U 01019A   16298.59344141  .00000104  00000-0  00000+0 0  9999
2 26766   1.0246  86.1233 0004200 154.3060  54.1603  1.00269646 56600
INTELSAT 901 (IS-901)   
1 26824U 01024A   16298.22804668 -.00000164  00000-0  00000+0 0  9992
2 26824   0.0175 292.2928 0003365 277.6500 247.2244  1.00270637 56276
INTELSAT 902 (IS-902)   
1 26900U 01039A   16298.91589205  .00000010  00000-0  00000+0 0  9995
2 26900   0.0077 255.4477 0002902 317.3677 212.6692  1.00271133 55459
DIRECTV 4S              
1 26985U 01052A   16299.55427002 -.00000135  00000-0  00000+0 0  9999
2 26985   0.0360  80.9920 0002281 156.2306 255.5021  1.00271863 54686
INTELSAT 904 (IS-904)   
1 27380U 02007A   16299.54000876  .00000027  00000-0  00000+0 0  9994
2 27380   0.0290  68.8791 0002990 144.3675  75.5237  1.00272323 53773
INTELSAT 903 (IS-903)   
1 27403U 02016A   16299.36685428 -.00000260  00000-0  00000+0 0  9992
2 27403   0.0135 280.4250 0003244 292.0361 279.3108  1.00270839 53338
DIRECTV 5 (TEMPO 1)     
1 27426U 02023A   16298.21403106 -.00000080  00000-0  00000+0 0  9999
2 27426   0.0131 248.2348 0003322 338.0387 133.7196  1.00271629 52983
INTELSAT 905 (IS-905)   
1 27438U 02027A   16299.13263821 -.00000206  00000-0  00000+0 0  9996
2 27438   0.0162 138.1510 0002806  61.0502 218.0412  1.00272253 52641
GALAXY 3C (G-3C)        
1 27445U 02030A   16299.16963407 -.00000173  00000-0  00000+0 0  9991
2 27445   0.0171 286.1289 0001756  47.8227  26.0608  1.00270743 52641
INTELSAT 906 (IS-906)   
1 27513U 02041A   16298.97836179 -.00000009  00000-0  00000+0 0  9990
2 27513   0.0224 264.7627 0003359 316.1197 229.3074  1.00278318 51654
INTELSAT 907 (IS-907)   
1 27683U 03007A   16297.98518467 -.00000226  00000-0  00000+0 0  9999
2 27683   0.0181 240.4110 0003011 347.8739 131.7099  1.00271089 50065
GALAXY 12 (G-12)        
1 27715U 03013B   16298.49709253  .00000036  00000-0  00000+0 0  9992
2 27715   0.0180  98.5647 0002426 133.1035 211.6005  1.00270097 49680
GALAXY 23 (G-23)        
1 27854U 03034A   16299.38259691 -.00000009  00000-0  00000+0 0  9995
2 27854   0.0094 248.1793 0003003 327.5764 195.2189  1.00272631 53235
GALAXY 13 (HORIZONS-1)  
1 27954U 03044A   16298.56872706  .00000025  00000-0  00000+0 0  9991
2 27954   0.0285  97.7521 0002391 154.7144 218.7006  1.00270368 47839
DIRECTV 7S              
1 28238U 04016A   16299.45161293 -.00000021  00000-0  00000+0 0  9995
2 28238   0.0331 299.2845 0003102 287.0147 211.4993  1.00273864 45757
INTELSAT 10-02          
1 28358U 04022A   16299.23832696 -.00000033  00000-0  00000+0 0  9996
2 28358   0.0089 201.1487 0000643 340.9528 296.7913  1.00271534 45315
XM-3 (RHYTHM)           
1 28626U 05008A   16299.50257855 -.00000227  00000-0  00000+0 0  9992
2 28626   0.0193 106.0615 0000207 131.3016 252.8038  1.00272126 42759
SPACEWAY 1              
1 28644U 05015A   16299.45600269 -.00000123  00000-0  00000+0 0  9990
2 28644   0.0141 217.3502 0000216 143.9905  94.1606  1.00265229 42203
DIRECTV 8               
1 28659U 05019A   16298.18835895 -.00000139  00000-0  00000+0 0  9991
2 28659   0.0107 250.0889 0003637 344.4990 125.3781  1.00270037 41860
GALAXY 28 (G-28)        
1 28702U 05022A   16298.49159631 -.00000208  00000-0  00000+0 0  9992
2 28702   0.0137 265.1862 0000503 179.6738  36.4596  1.00269320 41507
GALAXY 14 (G-14)        
1 28790U 05030A   16298.55406640  .00000013  00000-0  00000+0 0  9993
2 28790   0.0176 295.7509 0002587 285.1233 246.9798  1.00271692 40989
GALAXY 15 (G-15)        
1 28884U 05041A   16299.13818841  .00000057  00000-0  00000+0 0  9992
2 28884   0.0217  94.1213 0001554 143.4410  73.1590  1.00270883 40305
SPACEWAY 2              
1 28903U 05046B   16298.21136757 -.00000151  00000-0  00000+0 0  9992
2 28903   0.0312  83.3437 0000346 283.5704   3.1723  1.00275223 40170
GALAXY 16 (G-16)        
1 29236U 06023A   16299.46925998 -.00000148  00000-0  00000+0 0  9995
2 29236   0.0141 181.5962 0002605  41.8766 240.7483  1.00270574 37955
DIRECTV 9S              
1 29494U 06043A   16299.55427076 -.00000135  00000-0  00000+0 0  9993
2 29494   0.0107 228.7197 0003169 349.6597 274.4436  1.00271951 36797
XM-4 (BLUES)            
1 29520U 06049A   16299.08174331 -.00000045  00000-0  00000+0 0  9990
2 29520   0.0021 130.5028 0000137 142.7418  34.8830  1.00271848 36679
GALAXY 17 (G-17)        
1 31307U 07016B   16298.55294854 -.00000197  00000-0  00000+0 0  9993
2 31307   0.0204  52.2232 0003634 174.8629 274.3546  1.00269730 34759
DIRECTV 10              
1 31862U 07032A   16299.19118791 -.00000125  00000-0  00000+0 0  9994
2 31862   0.0155  53.8921 0000494 287.0929  19.0343  1.00270825 34096
SPACEWAY 3              
1 32018U 07036A   16298.50066650 -.00000175  00000-0  00000+0 0  9997
2 32018   0.0351  80.4429 0000158 266.9644 131.2236  1.00272085 33800
INTELSAT 11 (IS-11)     
1 32253U 07044B   16297.40585802 -.00000293  00000-0  00000+0 0  9991
2 32253   0.0123 207.7816 0002981  12.8160 274.7778  1.00271409 33194
HORIZONS-2              
1 32388U 07063B   16298.90811123 -.00000205  00000-0  00000+0 0  9998
2 32388   0.0159 280.2130 0002584 307.3743 217.9284  1.00271968 32566
DIRECTV 11              
1 32729U 08013A   16299.46925845 -.00000147  00000-0  00000+0 0  9997
2 32729   0.0141  62.9288 0000143  47.3472 353.7669  1.00271944 31620
GALAXY 18 (G-18)        
1 32951U 08024A   16299.24698681  .00000003  00000-0  00000+0 0  9997
2 32951   0.0135 249.8152 0002809 312.3375 157.8563  1.00273597 30771
INTELSAT 25 (IS-25)     
1 33153U 08034A   16298.99356330 -.00000247  00000-0  00000+0 0  9997
2 33153   0.0208 235.4636 0002507 336.8893 147.6318  1.00269407 30327
GALAXY 19 (G-19)        
1 33376U 08045A   16299.17494509 -.00000161  00000-0  00000+0 0  9993
2 33376   0.0103 251.0875 0003205 335.2637 133.6434  1.00271332 29526
SIRIUS FM-5             
1 35493U 09034A   16299.07392987 -.00000223  00000-0  00000+0 0  9999
2 35493   0.0197 281.3609 0000332 136.3781 276.6638  1.00270608 26650
INTELSAT 14 (IS-14)     
1 36097U 09064A   16299.03089393 -.00000296  00000-0  00000+0 0  9993
2 36097   0.0152 272.6190 0002673 321.8524 125.5247  1.00268910 25397
INTELSAT 15 (IS-15)     
1 36106U 09067A   16298.02276259 -.00000209  00000-0  00000+0 0  9998
2 36106   0.0127  59.9293 0002283 165.9438 260.3430  1.00271240 25277
DIRECTV 12              
1 36131U 09075A   16299.45600054 -.00000124  00000-0  00000+0 0  9993
2 36131   0.0114 207.7545 0000152 220.2827  27.5915  1.00268717 25078
INTELSAT 16 (IS-16)     
1 36397U 10006A   16299.46781841 -.00000306  00000-0  00000+0 0  9990
2 36397   0.0231 277.1968 0001808 325.5736 261.8458  1.00271565 24427
XM-5                    
1 37185U 10053A   16297.04396353 -.00000229  00000-0  00000+0 0  9994
2 37185   0.0131 233.0475 0000266 122.6656 326.7915  1.00269623 22104
INTELSAT 17 (IS-17)     
1 37238U 10065B   16298.67234940 -.00000025  00000-0  00000+0 0  9993
2 37238   0.0071 191.1915 0002605  30.5381 119.8391  1.00271826 21599
INTELSAT NEW DAWN       
1 37392U 11016A   16299.07688758  .00000133  00000-0  00000+0 0  9995
2 37392   0.0105 214.9512 0001406  29.6907 209.7644  1.00274887 20203
INTELSAT 18 (IS-18)     
1 37834U 11056A   16298.53576829  .00000029  00000-0  00000+0 0  9999
2 37834   0.0174 235.2255 0001981 355.7007 175.3022  1.00269740 18535
INTELSAT 22 (IS-22)     
1 38098U 12011A   16298.70649880 -.00000082  00000-0  00000+0 0  9991
2 38098   0.0324   7.5697 0002699 219.1599 133.2686  1.00272266 16737
INTELSAT 19 (IS-19)     
1 38356U 12030A   16298.44639890 -.00000079  00000-0  00000+0 0  9996
2 38356   0.0243 312.9644 0002651 259.2171 147.8229  1.00274334 16190
INTELSAT 20 (IS-20)     
1 38740U 12043A   16298.74992730 -.00000048  00000-0  00000+0 0  9991
2 38740   0.0100 204.1576 0001714 347.2017 180.7064  1.00272222 15513
INTELSAT 21 (IS-21)     
1 38749U 12045A   16299.06691224 -.00000307  00000-0  00000+0 0  9990
2 38749   0.0174 265.8978 0002493 302.0962 152.0135  1.00271679 15310
INTELSAT 23 (IS-23)     
1 38867U 12057A   16299.05307992 -.00000307  00000-0  00000+0 0  9999
2 38867   0.0200 258.4039 0001799 316.8271 144.7780  1.00270591 14798
SIRIUS FM-6             
1 39360U 13058A   16298.23076122 -.00000041  00000-0  00000+0 0  9992
2 39360   0.0135 273.7913 0000437 182.9561 263.2782  1.00270618 11029
INTELSAT 30 (IS-30)     
1 40271U 14062A   16297.30824065 -.00000176  00000-0  00000-0 0  9995
2 40271   0.0150 224.2909 0001706 248.0720 295.6996  1.00279646  7353
INTELSAT 34 (IS-34)     
1 40874U 15039A   16299.06006846 -.00000308  00000-0  00000+0 0  9999
2 40874   0.0191 243.9473 0000271 205.3016 270.7752  1.00271292  4362
INTELSAT 29E (IS-29E)   
1 41308U 16004A   16297.05026004 -.00000306  00000-0  00000+0 0  9998
2 41308   0.0149 246.5559 0002134 332.4819 140.9678  1.00270772  2821
INTELSAT 31 (IS-31)     
1 41581U 16035A   16298.17231784 -.00000175  00000-0  00000+0 0  9996
2 41581   0.0196 243.2205 0001652 332.5458 144.2433  1.00272748  1383
INTELSAT 36 (IS-36)     
1 41747U 16053A   16298.74996318 -.00000048  00000-0  00000+0 0  9993
2 41747   0.0556   2.0773 0002567 318.8856  51.1067  1.00271815   655
INTELSAT 33E (IS-33E)   
1 41748U 16053B   16292.74896747 -.00000181  00000-0  00000-0 0  9992
2 41748   0.1055 261.9921 0561554  60.9862 250.3156  1.08293887   822
