BEIJING 1               
1 28890U 05043A   16299.52530110  .00000110  00000-0  31222-4 0  9999
2 28890  97.8492 101.2033 0015499 166.0037 194.1598 14.61144522586151
HJ-1A                   
1 33320U 08041A   16299.39824939  .00000190  00000-0  34468-4 0  9997
2 33320  97.9685   1.6627 0027571  63.5482 296.8549 14.76679164438132
HJ-1B                   
1 33321U 08041B   16299.41591474  .00000210  00000-0  37115-4 0  9991
2 33321  97.9729   2.7219 0036170  78.8229 281.7047 14.76747047438125
YAOGAN 4                
1 33446U 08061A   16299.50786487  .00000274  00000-0  46191-4 0  9995
2 33446  97.5894 304.5241 0015865 353.5183   6.5820 14.76431973425395
DEIMOS-1                
1 35681U 09041A   16299.49163339  .00000154  00000-0  32534-4 0  9993
2 35681  97.9732 190.7278 0002082  40.0775 320.0585 14.71609808388625
UK-DMC 2                
1 35683U 09041C   16299.49684980 -.00000110  00000-0 -10196-4 0  9999
2 35683  97.8652 180.6419 0001554  79.4723 280.6662 14.70914683388507
RISAT 1                 
1 38248U 12017A   16299.55335613 -.00008342  00000-0 -52544-3 0  9996
2 38248  97.5641 304.3146 0006065 113.9591   1.2240 15.08932936247857
DMC3-FM1                
1 40715U 15032A   16299.51879688  .00000048  00000-0  15238-4 0  9992
2 40715  98.0604 190.7265 0016396 163.9770 196.1949 14.73696664 69639
DMC3-FM2                
1 40716U 15032B   16299.40601909  .00000034  00000-0  13061-4 0  9997
2 40716  98.0624 190.6418 0013515 171.9975 188.1433 14.73698151 69628
DMC3-FM3                
1 40717U 15032C   16299.42845172  .00000035  00000-0  13167-4 0  9990
2 40717  98.0599 191.4843 0017524 165.8652 194.3041 14.73711389 69622
