PRATHAM                 
1 41783U 16059A   16299.47214021  .00000101  00000-0  29251-4 0  9997
2 41783  98.2018 356.8434 0033667 174.2190 185.9406 14.62771726  4296
PISAT                   
1 41784U 16059B   16299.12316874  .00000160  00000-0  40339-4 0  9994
2 41784  98.2001 356.5118 0031868 175.8118 184.3360 14.63126702  4205
ALSAT 1B                
1 41785U 16059C   16299.39497449  .00000015  00000-0  12335-4 0  9996
2 41785  98.2019 356.7871 0031438 173.6900 186.4702 14.63207721  4249
ALSAT 2B                
1 41786U 16059D   16299.46276065  .00000139  00000-0  34171-4 0  9993
2 41786  98.2286 357.0852 0001210  78.5751 281.5585 14.66296011  4262
PATHFINDER 1            
1 41787U 16059E   16299.11670672  .00000121  00000-0  32672-4 0  9993
2 41787  98.2015 356.5228 0030603 174.7192 185.4352 14.63452809  4204
CANX-7                  
1 41788U 16059F   16298.42956164 -.00000022  00000-0  52234-5 0  9998
2 41788  98.2002 355.8439 0029935 178.7238 181.4027 14.63629819  4109
ALSAT 1N                
1 41789U 16059G   16299.44839714  .00000158  00000-0  39313-4 0  9994
2 41789  98.2023 356.8754 0028602 169.3397 190.8419 14.63964466  4262
SCATSAT 1               
1 41790U 16059H   16299.38258398  .00000068  00000-0  28453-4 0  9995
2 41790  98.1013 352.9166 0011804 144.0609 216.1381 14.50104101  4233
PSLV R/B                
1 41791U 16059J   16299.17020959  .00000089  00000-0  28104-4 0  9999
2 41791  98.2760 356.5766 0042049 182.3002 177.8009 14.60739439  4236
PSLV DEB                
1 41792U 16059K   16297.80617176  .00000624  00000-0  12765-3 0  9991
2 41792  98.2051 355.2524 0027572 179.8040 180.3175 14.64074170  4012
GSAT-18                 
1 41793U 16060A   16295.10000000 -.00000105  00000-0  00000+0 0  9997
2 41793   0.1160 269.4520 0004470 211.1450  19.3810  1.00293456   182
SKY MUSTER 2            
1 41794U 16060B   16298.61824769 -.00000267  00000-0  00000+0 0  9992
2 41794   0.0288 293.2327 0000485 278.0309 189.5802  1.00272571   254
ARIANE 5 R/B            
1 41795U 16060C   16298.41481822  .00001040  00000-0  37495-3 0  9991
2 41795   5.7244 142.2474 7277631 190.8402 134.4795  2.28489582   428
ARIANE 5 DEB [SYLDA]    
1 41796U 16060D   16298.84400007  .00012167  00000-0  36023-2 0  9992
2 41796   6.0343 139.4632 7275792 193.7844 122.8610  2.28687066   429
SHENZHOU 11 (SZ-11)     
1 41812U 16061A   16297.49948334  .00005259  00000-0  61087-4 0  9996
2 41812  42.7860 329.9951 0008066 352.4575 166.3345 15.62751439  5943
CZ-2F R/B               
1 41813U 16061B   16298.44245680  .00592104  84625-5  37104-3 0  9999
2 41813  42.7892 321.8548 0100355 181.4997 161.2809 16.06219564  1159
CZ-2F DEB               
1 41814U 16061C   16293.23681124  .07677461  80334-5  45202-2 0  9996
2 41814  42.5947 355.5962 0150411 130.7450 231.9919 15.97326997   268
CZ-2F DEB               
1 41815U 16061D   16293.48643664  .09217826  80941-5  46135-2 0  9998
2 41815  42.6416 353.8913 0137290 128.8958 237.3697 16.01693368   290
CZ-2F DEB               
1 41816U 16061E   16295.51753148  .17806233  78621-5  31647-2 0  9993
2 41816  42.8925 340.9619 0078243 155.8675 272.8664 16.22966407   621
CZ-2F DEB               
1 41817U 16061F   16294.19731319  .06768513  80328-5  26330-2 0  9999
2 41817  42.8630 349.3191 0173985 157.9068 216.5387 15.96597643   417
CYGNUS OA-5             
1 41818U 16062A   16297.52873080  .00004550  00000-0  75450-4 0  9994
2 41818  51.6426 137.9068 0007105 102.6629 305.7997 15.54310381 24952
ANTARES R/B             
1 41819U 16062B   16299.52411051  .00592221  11423-4  57171-3 0  9994
2 41819  51.5827 125.7738 0077691 175.8820 184.2882 16.04609147  1212
SOYUZ-MS 02             
1 41820U 16063A   16297.52873080  .00004550  00000-0  75450-4 0  9998
2 41820  51.6426 137.9068 0007105 102.6629 305.7997 15.54310381   667
2016-057H               
1 41834U 16057H   16299.41395481  .00038690  00000-0  41716-3 0  9999
2 41834  42.7892 318.5504 0008254   3.1190 140.3625 15.62937173   312
