PROBA-1                 
1 26958U 01049B   16299.40614003  .00000480  00000-0  46877-4 0  9997
2 26958  97.5305 269.2029 0074675  36.2458 324.3799 14.94871619816448
BIRD 2                  
1 26959U 01049C   16299.52066695  .00004230  00000-0  13418-3 0  9990
2 26959  97.7628 228.2473 0011278 125.1472 235.0827 15.33235307830359
CUTE-1 (CO-55)          
1 27844U 03031E   16299.06464683  .00000106  00000-0  67633-4 0  9992
2 27844  98.6932 305.4902 0008901 311.9345  48.1073 14.21987685690909
CUBESAT XI-IV (CO-57)   
1 27848U 03031J   16299.00125398  .00000086  00000-0  59371-4 0  9994
2 27848  98.7028 305.5817 0008929 321.7245  38.3297 14.21609518690785
GENESIS 1               
1 29252U 06029A   16299.21592396  .00001388  00000-0  81341-4 0  9992
2 29252  64.5051 332.6778 0016271 222.9611 201.9127 15.16359129566202
FALCONSAT-3             
1 30776U 07006E   16298.82910873  .00005561  00000-0  18480-3 0  9991
2 30776  35.4349 117.9586 0002741 336.3195  23.7403 15.30625580532154
GENESIS 2               
1 31789U 07028A   16298.73992742  .00001367  00000-0  80269-4 0  9990
2 31789  64.5056  11.3606 0049574 250.0768 109.5009 15.15609478513212
APRIZESAT 4             
1 35684U 09041D   16298.80400093  .00000164  00000-0  29253-4 0  9996
2 35684  98.1032 232.9144 0048325 134.3922 278.7965 14.78950984390340
APRIZESAT 3             
1 35686U 09041F   16299.44989033  .00000397  00000-0  49053-4 0  9993
2 35686  98.2603 283.3540 0074531  56.9011 303.9329 14.86958397392301
PROBA-2                 
1 36037U 09059B   16299.52699821  .00000072  00000-0  28289-4 0  9993
2 36037  98.2584 130.5927 0013018 344.1577  15.9210 14.52970819370057
APRIZESAT 5             
1 37792U 11044E   16299.40367348  .00000232  00000-0  41782-4 0  9993
2 37792  98.3052  69.9568 0059764  78.9491 281.8430 14.75046034279254
APRIZESAT 6             
1 37793U 11044F   16299.31811868  .00000210  00000-0  41258-4 0  9999
2 37793  98.2626  57.6853 0048424  99.8596 313.5986 14.72131745278711
TET-1                   
1 38710U 12039D   16299.47503843  .00007103  00000-0  16210-3 0  9999
2 38710  97.5117 241.3455 0002364  40.7277 319.4146 15.43210913238029
STSAT-2C                
1 39068U 13003A   16299.43157330  .00055883 -23726-6  59509-3 0  9993
2 39068  80.2263  49.4881 0415303 121.4062 242.8476 15.00876395197144
PROBA-V                 
1 39159U 13021A   16299.42764872 -.00000002  00000-0  18141-4 0  9993
2 39159  98.6222  14.7527 0004009 349.1270  10.9819 14.22931449180212
CUSAT 1                 
1 39266U 13055B   16299.38211687  .00007491  00000-0  21547-3 0  9996
2 39266  80.9873 252.9940 0673125 194.5417 163.5535 14.26431883158494
STPSAT-3                
1 39380U 13064A   16299.44692185  .00005125  00000-0  16190-3 0  9996
2 39380  40.5012  83.0110 0003426 233.9980 126.0516 15.33364116163722
APRIZESAT 7             
1 39416U 13066A   16298.72344115  .00000194  00000-0  29555-4 0  9996
2 39416  97.6706 352.6039 0040186 307.6032  52.1536 14.83612452158314
APRIZESAT 8             
1 39425U 13066K   16298.74255383  .00000146  00000-0  25197-4 0  9991
2 39425  97.6646 347.8704 0051073 317.6049  42.1223 14.80870593158050
BUGSAT-1 (TITA)         
1 40014U 14033E   16299.45895795  .00000697  00000-0  69547-4 0  9996
2 40014  97.9469 215.1156 0032968  26.1447 334.1429 14.94510434128145
SAUDISAT 4              
1 40016U 14033G   16299.53709331  .00000158  00000-0  30773-4 0  9998
2 40016  97.8877 187.2672 0047736 324.9608  34.8463 14.75058386126566
TABLETSAT-AURORA        
1 40017U 14033H   16299.31054006  .00001150  00000-0  11715-3 0  9994
2 40017  97.9406 211.7290 0024578  27.0148 333.2344 14.92520587127947
APRIZESAT 9             
1 40018U 14033J   16299.21630823  .00000109  00000-0  25981-4 0  9995
2 40018  97.8738 179.1818 0071286 342.5783  17.2978 14.69748954125962
APRIZESAT 10            
1 40019U 14033K   16299.20594316  .00000141  00000-0  32697-4 0  9999
2 40019  97.8675 174.9780 0084365 352.9340   7.0669 14.66825100125768
AISAT                   
1 40054U 14034B   16299.32872602  .00001023  00000-0  15341-3 0  9995
2 40054  98.1927  29.5136 0014212  80.4030 279.8785 14.76779295125058
CANX-4                  
1 40055U 14034C   16299.31570488  .00000277  00000-0  49512-4 0  9990
2 40055  98.1917  27.9334 0015642  92.0260 268.2740 14.74511802124937
CANX-5                  
1 40056U 14034D   16299.31615915  .00000285  00000-0  50711-4 0  9998
2 40056  98.1916  27.9322 0015661  92.2165 268.0837 14.74507672124936
TDS 1                   
1 40076U 14037H   16299.51044864  .00000151  00000-0  26745-4 0  9996
2 40076  98.3248  35.5006 0007228 104.0961 256.1056 14.81269940124288
TIANTUO 2               
1 40144U 14053B   16299.44873064  .00001132  00000-0  38383-4 0  9995
2 40144  97.3428  17.8793 0012953  35.1521  21.1600 15.32564072119039
