SIRIUS-1                
1 26390U 00035A   16294.78413194 -.00000011  00000-0  00000+0 0  9999
2 26390  59.5810 231.2644 0285675 260.0440 139.8252  1.50604729 59762
SIRIUS-2                
1 26483U 00051A   16299.23709255  .00000071  00000-0  00000+0 0  9996
2 26483  64.6149 110.6663 0133479 259.5134 285.5130  1.64982308 59711
SIRIUS-3                
1 26626U 00077A   16297.53307112 -.00000077  00000-0  00000+0 0  9997
2 26626  62.4381 350.3094 0008892 277.2475  82.7121  1.58821748 58540
XM-1 (ROLL)             
1 26761U 01018A   16297.24129388 -.00000240  00000-0  00000+0 0  9990
2 26761   0.5713  89.3287 0010751 130.3331 214.1786  0.99007647 56669
XM-3 (RHYTHM)           
1 28626U 05008A   16299.50257855 -.00000227  00000-0  00000+0 0  9992
2 28626   0.0193 106.0615 0000207 131.3016 252.8038  1.00272126 42759
XM-4 (BLUES)            
1 29520U 06049A   16299.08174331 -.00000045  00000-0  00000+0 0  9990
2 29520   0.0021 130.5028 0000137 142.7418  34.8830  1.00271848 36679
O3B FM5                 
1 39188U 13031A   16297.83322200 -.00000033  00000-0  00000+0 0  9998
2 39188   0.0273 348.9457 0003893 349.8104  21.2319  5.00115570 60845
O3B FM4                 
1 39189U 13031B   16297.92510846 -.00000033  00000-0  00000-0 0  9995
2 39189   0.0482  18.1444 0007013 183.0196 158.8111  5.00115633 60888
O3B FM2                 
1 39190U 13031C   16297.50027858 -.00000033  00000-0  00000-0 0  9997
2 39190   0.0497  23.8701 0007610 175.7569 160.3479  5.00115625 60831
O3B PFM                 
1 39191U 13031D   16297.92348601 -.00000033  00000-0  00000-0 0  9996
2 39191   0.0331   0.6183 0004088 231.6540 127.6948  5.00115654 60854
O3B FM3                 
1 40079U 14038A   16297.43539078 -.00000033  00000-0  00000+0 0  9996
2 40079   0.0400  13.6779 0001412 262.9771  83.3331  5.00114964 41816
O3B FM7                 
1 40080U 14038B   16297.59041945 -.00000033  00000-0  00000-0 0  9997
2 40080   0.0421  13.5549 0002019 207.7961 138.6380  5.00116838 41727
O3B FM6                 
1 40081U 14038C   16298.61208120 -.00000033  00000-0  00000+0 0  9991
2 40081   0.0410  13.6659 0001716 218.6317 127.6910  5.00115274 41896
O3B FM8                 
1 40082U 14038D   16298.45703860 -.00000033  00000-0  00000+0 0  9995
2 40082   0.0440  14.8896 0003341 218.6978 126.3859  5.00115152 41865
O3B FM10                
1 40348U 14083A   16297.47997395 -.00000033  00000-0  00000-0 0  9990
2 40348   0.0348   8.4540 0002322 179.8366 171.7097  5.00115860 33774
O3B FM11                
1 40349U 14083B   16297.50172152 -.00000033  00000-0  00000-0 0  9991
2 40349   0.0343   4.7132 0002734 192.7259 162.5556  5.00115791 33779
O3B FM12                
1 40350U 14083C   16299.36759327 -.00000033  00000-0  00000+0 0  9993
2 40350   0.0352   5.5698 0002744 206.1462 148.2718  5.00115576 33866
O3B FM9                 
1 40351U 14083D   16297.54641655 -.00000033  00000-0  00000-0 0  9997
2 40351   0.0331   5.2180 0002422 192.0416 162.7363  5.00115272 33794
