AOR-E (EGNOS/PRN 120)   
1 24307U 96053A   16299.30710029 -.00000143  00000-0  00000+0 0  9996
2 24307   2.1483  78.8218 0006534 148.5059 261.8833  1.00271795 73711
ARTEMIS (EGNOS/PRN 124) 
1 26863U 01029A   16298.46193227 -.00000385  00000-0  00000+0 0  9993
2 26863  12.4782  35.5515 0005321 196.6995  79.4337  1.00424703 57074
CRE (WAAS/PRN 138)      
1 28868U 05036A   16299.21599779 -.00000096  00000-0  00000+0 0  9997
2 28868   0.0434  71.4985 0000612 187.9565 105.0525  1.00272473 40849
CRW (WAAS/PRN 135)      
1 28884U 05041A   16299.13818841  .00000057  00000-0  00000+0 0  9992
2 28884   0.0217  94.1213 0001554 143.4410  73.1590  1.00270883 40305
IOR-W (EGNOS/PRN 126)   
1 28899U 05044A   16297.75467222 -.00000012  00000-0  00000-0 0  9993
2 28899   2.5303   8.4872 0002989 214.7042 145.0077  1.00271879 40191
MTSAT-2 (MSAS/PRN 137)  
1 28937U 06004A   16298.70471580 -.00000265  00000-0  00000+0 0  9990
2 28937   0.0217 277.0649 0003329 288.8249 226.3823  1.00273119 39039
AMR (WAAS/PRN 133)      
1 33278U 08039A   16299.47333512 -.00000163  00000-0  00000+0 0  9998
2 33278   3.0214 359.0496 0002827 225.2379 242.4482  1.00271509 29956
QZS-1 (QZSS/PRN 183)    
1 37158U 10045A   16297.81086237 -.00000183  00000-0  00000+0 0  9996
2 37158  40.7422 162.7679 0744529 269.8369  28.5671  1.00291143 22382
GSAT-8 (GAGAN/PRN 127)  
1 37605U 11022A   16298.15351888  .00000061  00000-0  00000+0 0  9998
2 37605   0.0637  80.8902 0007455 173.8098 248.6479  1.00272634 19918
LUCH 5A (SDCM/PRN 140)  
1 37951U 11074B   16298.70423303 -.00000065  00000-0  00000+0 0  9997
2 37951   1.6157 203.5348 0003388   4.7246 245.9892  1.00274288 17860
SES-5 (EGNOS/PRN 136)   
1 38652U 12036A   16299.10597278  .00000012  00000-0  00000+0 0  9994
2 38652   0.0416 266.1556 0002058 327.8681 203.0489  1.00272449 15751
GSAT-10 (GAGAN/PRN 128) 
1 38779U 12051B   16298.67640590 -.00000188  00000-0  00000+0 0  9993
2 38779   0.0875  93.9366 0001157 149.0794 116.9930  1.00272611 14970
LUCH 5B (SDCM/PRN 125)  
1 38977U 12061A   16299.12212755 -.00000148  00000-0  00000+0 0  9999
2 38977   3.0717  76.2227 0004164 140.0490 205.4760  1.00271796 14858
ASTRA 5B (EGNOS/PRN 123)
1 39617U 14011B   16298.70406918  .00000132  00000-0  00000+0 0  9999
2 39617   0.0216  31.9803 0002578 201.5875  84.9353  1.00270213  9547
LUCH 5V (SDCM/PRN 141)  
1 39727U 14023A   16298.45967693 -.00000297  00000-0  00000+0 0  9991
2 39727   3.1673 299.5874 0003388 313.9900  39.8791  1.00274972527194
GSAT-15 (GAGAN/PRN 139) 
1 41028U 15065A   16297.65004127 -.00000282  00000-0  00000+0 0  9994
2 41028   0.0987  89.4770 0002193 155.2295 115.2914  1.00270964  3533
