SAUDISAT 1C             
1 27607U 02058C   16299.12090957  .00000180  00000-0  46726-4 0  9995
2 27607  64.5536 123.8435 0052981 186.6213 173.4196 14.75232402744434
SAUDISAT 2              
1 28371U 04025F   16299.46390540  .00000061  00000-0  24851-4 0  9991
2 28371  98.0997 254.9639 0025633 349.5666  10.4988 14.54212775653722
UNISAT 3                
1 28373U 04025H   16298.83961872  .00000086  00000-0  36328-4 0  9994
2 28373  98.3081 239.3898 0068442 203.4797 156.3265 14.45340954649907
SAUDISAT 3              
1 31118U 07012B   16299.42510678  .00000041  00000-0  14724-4 0  9991
2 31118  97.7217 299.6425 0014195 305.7433  54.2462 14.69025190510546
