BEIDOU G1               
1 36287U 10001A   16298.40830405 -.00000306  00000-0  10000-3 0  9992
2 36287   1.5287   5.5438 0006074 225.2606  89.4690  1.00270374 24844
BEIDOU G3               
1 36590U 10024A   16298.62541875 -.00000377  00000-0  00000+0 0  9991
2 36590   1.3749  25.9692 0005569 292.2758  50.9052  1.00275672 23457
BEIDOU IGSO 1           
1 36828U 10036A   16299.48242649 -.00000175  00000-0  10000-3 0  9991
2 36828  54.2085 195.8119 0047956 221.8358 266.1174  1.00248352 22902
BEIDOU G4               
1 37210U 10057A   16298.46383531 -.00000134  00000-0  00000+0 0  9993
2 37210   0.9778  53.1841 0009463 177.3221 129.8214  1.00273222 21967
BEIDOU IGSO 2           
1 37256U 10068A   16298.83875580 -.00000207  00000-0  10000-3 0  9992
2 37256  53.4227 314.0031 0050242 209.8007 289.1198  1.00252272 21483
BEIDOU IGSO 3           
1 37384U 11013A   16299.19287499 -.00000155  00000-0  10000-3 0  9993
2 37384  57.5341  75.3986 0025968 201.8329 307.1339  1.00274035 20364
BEIDOU IGSO 4           
1 37763U 11038A   16298.88551150 -.00000119  00000-0  10000-3 0  9994
2 37763  54.5168 198.1427 0041929 210.7795  37.5480  1.00287989 19321
BEIDOU IGSO 5           
1 37948U 11073A   16298.96600073 -.00000145  00000-0  10000-3 0  9995
2 37948  53.5127 313.4648 0045028 208.1231 314.6629  1.00268145 18086
BEIDOU G5               
1 38091U 12008A   16299.10099619  .00000036  00000-0  00000+0 0  9992
2 38091   1.8340  51.8262 0004494 197.6630 239.5771  1.00267436 17164
BEIDOU M3               
1 38250U 12018A   16298.82154307 -.00000049  00000-0  10000-3 0  9994
2 38250  56.0899  62.0385 0023674 214.0405 184.0705  1.86233096 30690
BEIDOU M4               
1 38251U 12018B   16299.30735712 -.00000054  00000-0  10000-3 0  9990
2 38251  56.0262  61.4674 0026273 208.0311 203.7537  1.86233930 30707
BEIDOU M6               
1 38775U 12050B   16298.60000559 -.00000022  00000-0  00000+0 0  9993
2 38775  54.8323 181.2394 0019530 228.3529 264.2612  1.86233118 28066
BEIDOU G6               
1 38953U 12059A   16298.92416174 -.00000196  00000-0  10000-3 0  9996
2 38953   1.1717  79.2141 0006776 152.2322 219.0391  1.00269763 14738
BEIDOU I1-S             
1 40549U 15019A   16298.90402866 -.00000171  00000-0  00000+0 0  9998
2 40549  54.6054 336.4610 0041618 183.1351 294.2630  1.00290127  5769
BEIDOU-3 M1             
1 40748U 15037A   16299.44940513 -.00000056  00000-0  00000+0 0  9997
2 40748  55.2946  61.5727 0005999 247.3616 166.2166  1.86237675  8534
BEIDOU-3 M2             
1 40749U 15037B   16298.57846995 -.00000049  00000-0  00000+0 0  9992
2 40749  55.2964  61.5881 0006297 262.2728  66.0619  1.86237126  8506
BEIDOU I2-S             
1 40938U 15053A   16298.46411319 -.00000126  00000-0  00000+0 0  9992
2 40938  54.5272 299.3367 0045145 175.4438 180.0954  1.00259747  4030
BEIDOU M3-S             
1 41315U 16006A   16299.01728376 -.00000018  00000-0  00000+0 0  9997
2 41315  55.0176 181.4174 0001924 310.5010 327.9402  1.86235668  5009
BEIDOU IGSO 6           
1 41434U 16021A   16298.91778235 -.00000117  00000-0  10000-3 0  9998
2 41434  55.2310  74.9958 0029351 175.0814 209.9384  1.00280233  2176
BEIDOU G7               
1 41586U 16037A   16298.36470925 -.00000273  00000-0  00000+0 0  9995
2 41586   1.6316 309.7472 0004508 286.4746  72.8326  1.00273978  1487
