CALSPHERE 1             
1 00900U 64063C   16299.21635926  .00000283  00000-0  29663-3 0  9991
2 00900  90.1452   7.9622 0028830  99.8972 260.5448 13.72805027587771
CALSPHERE 2             
1 00902U 64063E   16297.89909564 -.00000000  00000-0 -14208-4 0  9996
2 00902  90.1519  10.2635 0018721  20.7034  31.7338 13.52639458379943
LCS 1                   
1 01361U 65034C   16298.22227010  .00000006  00000-0 -27734-3 0  9994
2 01361  32.1408 261.6961 0005344 350.4256   9.6139  9.89290200861342
TEMPSAT 1               
1 01512U 65065E   16299.53109541  .00000043  00000-0  67045-4 0  9999
2 01512  89.8152 246.3887 0071725  57.6648  59.3729 13.33395312490720
CALSPHERE 4(A)          
1 01520U 65065H   16299.54983321  .00000075  00000-0  13000-3 0  9991
2 01520  90.0865 120.7203 0068041 315.7711 128.2194 13.35715936492934
OPS 5712 (P/L 160)      
1 02826U 67053A   16298.86320472  .00000964  00000-0  27818-3 0  9995
2 02826  69.9288  71.7397 0007349 336.2144  23.8648 14.47565993554628
OPS 5712 (P/L 153)      
1 02874U 67053H   16299.51087310 -.00000006  00000-0  34030-4 0  9995
2 02874  69.9720  99.0085 0004575  81.9833 334.4945 13.96274746515619
SURCAL 150B             
1 02909U 67053J   16299.16543458  .00001244  00000-0  27462-3 0  9999
2 02909  69.9476 154.1779 0000540 103.1783 256.9416 14.59689331562958
RIGIDSPHERE 2 (LCS 4)   
1 05398U 71067E   16297.95486245  .00000279  00000-0  92680-4 0  9991
2 05398  87.6265 231.3848 0063499 347.0320  12.9241 14.33498815368721
