STARLETTE               
1 07646U 75010A   16299.19848890 -.00000127  00000-0  11504-4 0  9996
2 07646  49.8253 325.8386 0205742 308.5661  49.6955 13.82301462107343
LAGEOS 1                
1 08820U 76039A   16298.85858612 -.00000011  00000-0  00000+0 0  9994
2 08820 109.8589  52.7760 0044584 336.2445 359.6577  6.38664933688607
AJISAI (EGS)            
1 16908U 86061A   16298.57005588 -.00000099  00000-0 -87596-5 0  9999
2 16908  50.0079 179.0313 0011217 213.9914 173.2881 12.44484572 42100
LAGEOS 2                
1 22195U 92070B   16298.68419419 -.00000009  00000-0  00000+0 0  9994
2 22195  52.6689 332.9084 0137892  86.9686 282.1145  6.47293836567581
STELLA                  
1 22824U 93061B   16299.53281961 -.00000038  00000-0  29898-5 0  9992
2 22824  98.7828 248.8003 0006732  18.1095 124.8383 14.27365472202531
GRACE-1                 
1 27391U 02012A   16299.22050822  .00017407  00000-0  12688-3 0  9992
2 27391  88.9985 355.0924 0002414 272.5928 160.8248 15.73156859820453
GRACE-2                 
1 27392U 02012B   16299.14358357  .00018006  00000-0  13127-3 0  9993
2 27392  88.9993 355.2042 0002433 272.7983  87.3013 15.73154536820431
LARES                   
1 38077U 12006A   16299.40610715 -.00000022  00000-0  10000-3 0  9994
2 38077  69.4916 187.7655 0007689 141.5219 218.6357 12.54930794215312
