EYESAT-1 (AO-27)        
1 22825U 93061C   16299.44188388  .00000043  00000-0  34479-4 0  9997
2 22825  98.7769 256.5990 0007518 301.7833  58.2616 14.29973720203859
CUTE-1 (CO-55)          
1 27844U 03031E   16299.06464683  .00000106  00000-0  67633-4 0  9992
2 27844  98.6932 305.4902 0008901 311.9345  48.1073 14.21987685690909
CUBESAT XI-IV (CO-57)   
1 27848U 03031J   16299.00125398  .00000086  00000-0  59371-4 0  9994
2 27848  98.7028 305.5817 0008929 321.7245  38.3297 14.21609518690785
CUBESAT XI 5            
1 28895U 05043F   16298.68079101  .00000314  00000-0  69491-4 0  9993
2 28895  97.8418 106.1934 0017216 164.7306 195.4420 14.63282188586040
CUTE-1.7+APD II (CO-65) 
1 32785U 08021C   16299.18702690  .00000540  00000-0  64887-4 0  9992
2 32785  97.5910 327.9188 0012183 221.7843 138.2445 14.87705839459959
COMPASS-1               
1 32787U 08021E   16299.15297825  .00000758  00000-0  79544-4 0  9997
2 32787  97.5896 335.2389 0012304 195.8529 164.2307 14.92262993460443
AAUSAT-II               
1 32788U 08021F   16299.16671738  .00000991  00000-0  99254-4 0  9997
2 32788  97.5897 337.6670 0011863 189.2853 170.8150 14.93495560460594
DELFI-C3 (DO-64)        
1 32789U 08021G   16298.43790451  .00003023  00000-0  22325-3 0  9994
2 32789  97.5929 355.3515 0013400 177.3576 182.7723 15.03930429461426
CANX-2                  
1 32790U 08021H   16299.12521754  .00000438  00000-0  54015-4 0  9990
2 32790  97.5876 326.4106 0012822 223.7941 136.2259 14.87453004459899
SEEDS II (CO-66)        
1 32791U 08021J   16299.14735170  .00000655  00000-0  73434-4 0  9999
2 32791  97.5910 331.4828 0012819 208.7083 151.3431 14.89962065460146
SWISSCUBE               
1 35932U 09051B   16298.89548262  .00000305  00000-0  80227-4 0  9998
2 35932  98.4654  67.6628 0006629 250.8994 109.1485 14.55900382376084
BEESAT                  
1 35933U 09051C   16298.90212665  .00000265  00000-0  71016-4 0  9997
2 35933  98.4685  68.8377 0004710 266.2110  93.8548 14.56033232376185
ITUPSAT 1               
1 35935U 09051E   16297.86692204  .00000218  00000-0  61421-4 0  9991
2 35935  98.4794  68.0378 0007053 261.5858  98.4539 14.55236405375862
TISAT 1                 
1 36799U 10035E   16299.27247003  .00001164  00000-0  12648-3 0  9991
2 36799  98.0412  51.6579 0012895  24.5343 335.6485 14.90063430340796
M-CUBED & EXP-1 PRIME   
1 37855U 11061F   16299.33161668  .00003060  00000-0  17019-3 0  9998
2 37855 101.7098  45.6136 0183858  54.5680 307.2542 15.01969025271520
HORYU 2                 
1 38340U 12025D   16299.20771916  .00000558  00000-0  90802-4 0  9999
2 38340  98.3663 289.0229 0010974 324.7408  35.3073 14.75162596238646
STRAND-1                
1 39090U 13009E   16298.54758787  .00000069  00000-0  39867-4 0  9993
2 39090  98.5719 139.9188 0008145 280.9010  79.1258 14.34926365191689
BRITE-AUSTRIA           
1 39091U 13009F   16299.54879053  .00000067  00000-0  38890-4 0  9998
2 39091  98.5676 140.3827 0009448 285.9541  74.0603 14.34998673191846
UNIBRITE                
1 39092U 13009G   16299.52750587  .00000069  00000-0  39926-4 0  9990
2 39092  98.5682 140.0810 0008289 278.6240  81.4006 14.34871681191826
AIST-2                  
1 39133U 13015D   16299.47383885  .00000677  00000-0  61053-4 0  9991
2 39133  64.8731 307.1890 0021176 319.8300  40.1253 15.04064380193008
SOMP                    
1 39134U 13015E   16299.17776678  .00004387  00000-0  23164-3 0  9997
2 39134  64.8700 264.3644 0018343 302.0421  57.8923 15.16724107193828
BEESAT-2                
1 39136U 13015G   16298.79739866  .00003097  00000-0  17848-3 0  9993
2 39136  64.8709 273.1821 0018073 308.0260  51.9232 15.14228932193620
NEE-01 PEGASUS          
1 39151U 13018B   16299.51216640  .00000470  00000-0  69740-4 0  9995
2 39151  97.9940  26.4425 0018571  90.0217 270.3122 14.79571577188842
CUBEBUG-1 (CAPITAN BETO)
1 39153U 13018D   16299.37088009  .00000575  00000-0  82853-4 0  9993
2 39153  97.9954  26.8634 0018478  89.2844 271.0485 14.80007897188859
ESTCUBE 1               
1 39161U 13021C   16299.45213232  .00000306  00000-0  56973-4 0  9999
2 39161  98.0432  22.3615 0009861 165.1973 194.9529 14.71762556186225
POPACS 1                
1 39268U 13055D   16299.18006018  .00007270  00000-0  21350-3 0  9993
2 39268  81.0038 252.8593 0662519 187.2882 171.8300 14.28194414158618
POPACS 2                
1 39269U 13055E   16297.63696460  .00003561  00000-0  10724-3 0  9990
2 39269  81.0160 265.0490 0707429 219.8726 134.8409 14.18170660156530
POPACS 3                
1 39270U 13055F   16297.89136863  .00001897  00000-0  61296-4 0  9997
2 39270  81.0174 270.4457 0728995 237.0939 115.8081 14.12044823157417
PHONESAT 2.4            
1 39381U 13064B   16299.07264094  .00104947  00000-0  58946-3 0  9997
2 39381  40.4887 295.0441 0008424 189.1154 170.9523 15.78072022165293
FIREFLY                 
1 39404U 13064AA  16299.18056756  .00034975  00000-0  40150-3 0  9990
2 39404  40.5049 330.4063 0003331 191.3732 168.7016 15.61288328164362
ZACUBE-1 (TSHEPISOSAT)  
1 39417U 13066B   16299.18254866  .00000524  00000-0  73256-4 0  9995
2 39417  97.6644 346.3968 0058499 319.3417  40.3435 14.80528231158001
WNISAT-1                
1 39423U 13066H   16299.34334577  .00000162  00000-0  41127-4 0  9998
2 39423  97.6719 301.3992 0177331  92.5375 269.6143 14.52755284155131
TRITON-1                
1 39427U 13066M   16299.13986180  .00000478  00000-0  84706-4 0  9992
2 39427  97.6565 324.0755 0115079  22.1780 338.4346 14.67300734156574
GOMX 1                  
1 39430U 13066Q   16299.45359288  .00000284  00000-0  60276-4 0  9995
2 39430  97.6660 310.4686 0153503  64.4301 297.2653 14.58705110155713
BRITE-PL                
1 39431U 13066R   16299.04811913  .00000132  00000-0  37724-4 0  9993
2 39431  97.6846 292.0282 0204005 123.5763 238.5093 14.46768524154451
HUMSAT-D                
1 39433U 13066T   16299.14055463  .00001085  00000-0  11434-3 0  9993
2 39433  97.6846   2.8421 0029977 278.2463  81.5356 14.91078283158989
EAGLE 2                 
1 39436U 13066W   16299.22982477  .00033439  00000-0  12585-2 0  9994
2 39436  97.7123  29.7401 0014473 189.2127 170.8848 15.26952376160681
CUBEBUG-2 (LO-74)       
1 39440U 13066AA  16298.70237538  .00000426  00000-0  67033-4 0  9992
2 39440  97.6593 337.0404 0080499 345.0649  14.8184 14.75281374157374
NEE-02 KRYSAOR          
1 39441U 13066AB  16299.53035086  .00000376  00000-0  60964-4 0  9999
2 39441  97.6571 336.8777 0081848 344.9792  14.8987 14.74494767157403
FUNCUBE-1 (AO-73)       
1 39444U 13066AE  16299.34305040  .00000658  00000-0  88807-4 0  9990
2 39444  97.6657 347.3105 0057619 316.3647  43.3017 14.81225234156841
UWE-3                   
1 39446U 13066AG  16299.41457908  .00000519  00000-0  76482-4 0  9993
2 39446  97.6609 341.9496 0069864 330.8546  28.8774 14.77810944156523
BRITE-TORONTO           
1 40020U 14033L   16299.43595617  .00000188  00000-0  40878-4 0  9992
2 40020  97.8665 174.2679 0087655 354.4027   5.6189 14.66317739125689
DUCHIFAT-1              
1 40021U 14033M   16299.41389121  .00001239  00000-0  13574-3 0  9992
2 40021  97.9228 206.1780 0013377   0.8750 359.2488 14.89551139127646
FLOCK 1C-10             
1 40023U 14033P   16299.31853434  .00001123  00000-0  12758-3 0  9991
2 40023  97.9239 205.4760 0013777   3.7127 356.4191 14.88249877127567
NANOSATC-BR1            
1 40024U 14033Q   16299.51488785  .00001022  00000-0  11480-3 0  9996
2 40024  97.9198 205.5098 0012597   1.1840 358.9404 14.88926377127628
QB50P1                  
1 40025U 14033R   16299.50744688  .00000869  00000-0  10030-3 0  9991
2 40025  97.9189 204.8665 0012792   3.0636 357.0657 14.88181856127582
FLOCK 1C-7              
1 40026U 14033S   16299.51723544  .00001147  00000-0  12797-3 0  9993
2 40026  97.9272 206.0937 0012131   1.4759 358.6508 14.88965705127627
FLOCK 1C-1              
1 40027U 14033T   16299.36736414  .00000614  00000-0  72293-4 0  9993
2 40027  97.9275 205.6791 0013423   1.8827 358.2435 14.88379536127580
POPSAT-HIP-1            
1 40028U 14033U   16299.38464434  .00000596  00000-0  70862-4 0  9995
2 40028  97.9211 204.9483 0014290   0.6077 359.5154 14.88059896127551
FLOCK 1C-2              
1 40029U 14033V   16299.32841774  .00001225  00000-0  13826-3 0  9992
2 40029  97.9254 205.5235 0014857 357.0548   3.0570 14.88332954127565
FLOCK 1C-4              
1 40031U 14033X   16299.32896139  .00001188  00000-0  13445-3 0  9995
2 40031  97.9264 205.5404 0015084 355.1266   4.9783 14.88291066127559
QB50P2                  
1 40032U 14033Y   16299.48562151  .00000824  00000-0  96384-4 0  9997
2 40032  97.9170 204.1921 0012049 357.9499   2.1666 14.87747394127549
FLOCK 1C-11             
1 40033U 14033Z   16299.55463356  .00000988  00000-0  10909-3 0  9992
2 40033  97.9271 206.5756 0012508 351.3132   8.7839 14.89696438127656
ANTELSAT                
1 40034U 14033AA  16299.34412509  .00000400  00000-0  67834-4 0  9993
2 40034  97.8837 184.1333 0058876 328.8146  30.9565 14.73515313126341
FLOCK 1C-9              
1 40035U 14033AB  16299.32500475  .00001263  00000-0  14225-3 0  9995
2 40035  97.9290 205.7797 0012450 350.8081   9.2882 14.88378975127564
FLOCK 1C-6              
1 40036U 14033AC  16299.29525245  .00000892  00000-0  10206-3 0  9996
2 40036  97.9293 205.8926 0012616 352.4837   7.6167 14.88478345127575
PERSEUS-M2              
1 40037U 14033AD  16299.28661618  .00000333  00000-0  44256-4 0  9994
2 40037  97.9206 203.0816 0014525   0.7043 359.4190 14.86118527127420
FLOCK 1C-5              
1 40038U 14033AE  16299.43777166  .00000764  00000-0  88211-4 0  9995
2 40038  97.9287 205.8901 0014731 351.2768   8.8193 14.88502445127585
PERSEUS-M1              
1 40039U 14033AF  16299.29449356  .00000319  00000-0  42985-4 0  9991
2 40039  97.9217 202.7633 0014257 356.2342   3.8764 14.85744376127401
FLOCK 1C-8              
1 40040U 14033AG  16299.46032306  .00001413  00000-0  15086-3 0  9992
2 40040  97.9308 207.2305 0013204 341.4385  18.6316 14.90378066127664
FLOCK 1C-3              
1 40041U 14033AH  16299.28365641  .00001125  00000-0  12800-3 0  9995
2 40041  97.9297 205.6006 0013447 348.6124  11.4781 14.88175197127542
POLYITAN-1              
1 40042U 14033AJ  16299.55406818  .00001004  00000-0  11605-3 0  9996
2 40042  97.9261 204.8239 0014847 349.5837  10.5069 14.87771019127531
TIGRISAT                
1 40043U 14033AK  16299.48814781  .00000429  00000-0  71486-4 0  9995
2 40043  97.8835 184.8563 0059791 330.3793  29.4034 14.73848345126263
LEMUR-1                 
1 40044U 14033AL  16299.16976461  .00000384  00000-0  65123-4 0  9996
2 40044  97.8835 184.3606 0058969 332.3351  27.4723 14.73669689126204
AEROCUBE 6A             
1 40045U 14033AM  16299.43747915  .00000938  00000-0  14493-3 0  9995
2 40045  97.8921 185.3903 0058282 326.9040  32.8527 14.74556700126127
AEROCUBE 6B             
1 40046U 14033AN  16299.16605194  .00000817  00000-0  12731-3 0  9997
2 40046  97.8917 185.0767 0057541 327.4059  32.3603 14.74555039126226
UKUBE-1                 
1 40074U 14037F   16299.28241275  .00000568  00000-0  76637-4 0  9990
2 40074  98.3373  37.9146 0005811  89.5714 270.6162 14.83252133124350
BRITE-PL 2              
1 40119U 14049B   16299.17818672  .00000300  00000-0  42545-4 0  9997
2 40119  97.9531  20.1502 0018672 133.2056 227.0721 14.84017251118302
FIREBIRD 4              
1 40378U 15003C   16299.40940974  .00004915  00000-0  21674-3 0  9997
2 40378  99.0998  71.1723 0141591  59.6873 301.8273 15.13792913 95478
GRIFEX                  
1 40379U 15003D   16299.30923953  .00004188  00000-0  19415-3 0  9997
2 40379  99.1004  69.7714 0146445  64.8498 296.7837 15.11734944 95381
EXOCUBE                 
1 40380U 15003E   16299.41209239  .00003060  00000-0  14729-3 0  9996
2 40380  99.1034  69.1315 0149657  66.7234 294.9664 15.10443796 95349
DEORBITSAIL             
1 40719U 15032E   16298.73511886  .00000780  00000-0  12126-3 0  9997
2 40719  98.0009 189.1279 0016332 176.1164 184.0175 14.75754082 69595
S-CUBE                  
1 40898U 98067GY  16299.53233737  .00295388  46871-4  62434-3 0  9996
2 40898  51.6246  79.5984 0005995 320.0456  40.0111 15.98266280 63378
TIANWANG 1C (TW-1C)     
1 40926U 15051B   16299.49537895  .00007125  00000-0  18715-3 0  9990
2 40926  97.2614 335.0866 0011661 304.9458 168.5626 15.38854823 60783
TIANWANG 1B (TW-1B)     
1 40927U 15051C   16299.46809498  .00007033  00000-0  19094-3 0  9998
2 40927  97.2706 335.1631 0011655 314.6665 152.6243 15.37838076 60755
TIANWANG 1A (TW-1A)     
1 40928U 15051D   16299.37339502  .00002814  00000-0  86930-4 0  9999
2 40928  97.2574 333.3123 0012595 328.2222 153.0020 15.34297986 60674
LEMUR-2-JOEL            
1 40932U 15052C   16299.02500458  .00000659  00000-0  21084-5 0  9992
2 40932   6.0053 106.8617 0013027 168.1255 191.9480 14.77296488 58173
LEMUR-2-CHRIS           
1 40933U 15052D   16298.24068922  .00001128  00000-0  66162-4 0  9998
2 40933   6.0036 111.7470 0013695 159.6026 200.5043 14.77444316 58064
LEMUR-2-JEROEN          
1 40934U 15052E   16299.04782203  .00001093  00000-0  63284-4 0  9996
2 40934   6.0051 109.3337 0010388 159.5427 200.5527 14.76769366 58125
LEMUR-2-PETER           
1 40935U 15052F   16298.08670166  .00000866  00000-0  32020-4 0  9995
2 40935   6.0017 117.0215 0009769 141.1394 219.0316 14.76560716 57982
EXACTVIEW 9             
1 40936U 15052G   16299.03136897  .00001018  00000-0  54110-4 0  9994
2 40936   6.0034 111.4893 0009834 147.3148 212.7847 14.76142234 58127
ATHENOXAT 1             
1 41168U 15077C   16299.47111428  .00002517  00000-0  10838-3 0  9993
2 41168  14.9866  82.9221 0012878   1.5852  38.9236 15.10628652 47487
GALASSIA                
1 41170U 15077E   16298.08366597  .00003424  00000-0  15855-3 0  9993
2 41170  14.9886  90.8878 0013928   0.7480 359.2861 15.11217894 47298
VELOX 2                 
1 41171U 15077F   16299.04806146  .00002734  00000-0  12685-3 0  9991
2 41171  14.9911  90.1767 0009423 342.0688  17.9299 15.09213400 47384
AGGIESAT 4              
1 41313U 98067HP  16299.00652731  .00024681  00000-0  26179-3 0  9992
2 41313  51.6384 120.8679 0003026 329.6371  30.4448 15.63939061 42019
BEVO 2                  
1 41314U 98067HQ  16299.48335355  .00047850  00000-0  39859-3 0  9997
2 41314  51.6315 113.3893 0002260 311.0996  48.9805 15.69606684 41957
HORYU-IV                
1 41340U 16012D   16299.02222033  .00001060  00000-0  75767-4 0  9996
2 41340  31.0043 164.0500 0014531 264.3297  95.5682 15.00274353 37665
OUFTI-1                 
1 41458U 16025C   16299.23862537  .00003108  00000-0  17331-3 0  9999
2 41458  98.2140 317.2112 0177782 354.8089   5.1286 15.01961851 27293
E-ST@R-II               
1 41459U 16025D   16299.24153118  .00002895  00000-0  16209-3 0  9994
2 41459  98.2138 317.1985 0177802 354.9712   4.9720 15.01890454 27295
AAUSAT 4                
1 41460U 16025E   16299.34526601  .00004143  00000-0  23154-3 0  9993
2 41460  98.2017 317.3584 0172292 353.0368   6.8476 15.02337074 27312
DIWATA-1                
1 41463U 98067HT  16299.53172034  .00007957  00000-0  11073-3 0  9993
2 41463  51.6426 125.6761 0000988  91.9512   5.9177 15.57969566 28169
MINXSS                  
1 41474U 98067HU  16299.55235013  .00037582  00000-0  36759-3 0  9999
2 41474  51.6415 121.5424 0002746 248.5935 111.4768 15.65758752 25295
CADRE                   
1 41475U 98067HV  16299.54199460  .00157425  00000-0  10662-2 0  9997
2 41475  51.6347 118.4199 0004358 252.7464 107.3059 15.73989381 25334
STMSAT-1                
1 41476U 98067HW  16299.54162930  .00063095  00000-0  60046-3 0  9991
2 41476  51.6376 121.4436 0002997 233.2357 126.8364 15.66215560 25201
NODES 2                 
1 41477U 98067HX  16299.54793631  .00041278  00000-0  45318-3 0  9994
2 41477  51.6373 122.9846 0002481 233.2333 126.8434 15.62783344 25183
NODES 1                 
1 41478U 98067HY  16299.55307075  .00039768  00000-0  43856-3 0  9995
2 41478  51.6369 123.0171 0002408 232.1098 127.9679 15.62685758 25180
FLOCK 2E'-1             
1 41479U 98067HZ  16299.54061767  .00013570  00000-0  16904-3 0  9997
2 41479  51.6405 124.2215 0003022 119.6701 340.8732 15.60243506 25126
FLOCK 2E'-3             
1 41480U 98067JA  16299.39120170  .00012708  00000-0  15735-3 0  9999
2 41480  51.6418 124.7995 0003199 136.7312 292.0870 15.60470686 25105
FLOCK 2E'-2             
1 41481U 98067JB  16299.54817483  .00013509  00000-0  16412-3 0  9990
2 41481  51.6400 123.6548 0002923 114.0389 283.9727 15.60907048 25114
FLOCK 2E'-4             
1 41482U 98067JC  16299.39311578  .00013856  00000-0  16861-3 0  9991
2 41482  51.6399 124.8011 0002309 151.4443 277.7329 15.60840768 25084
FLOCK 2E-1              
1 41483U 98067JD  16299.53777338  .00012850  00000-0  15956-3 0  9995
2 41483  51.6422 124.2201 0003246 180.4380 279.5386 15.60384417 24974
FLOCK 2E-2              
1 41484U 98067JE  16299.38912045  .00011948  00000-0  14883-3 0  9990
2 41484  51.6429 124.7969 0002094 183.2382 245.3018 15.60383162 24958
LEMUR-2-THERESACONDOR   
1 41485U 98067JF  16299.48629833  .00053455  00000-0  49620-3 0  9998
2 41485  51.6440 121.7706 0000853 111.4758 271.8809 15.66907591 24966
FLOCK 2E-3              
1 41486U 98067JG  16299.55915683  .00011385  00000-0  14582-3 0  9993
2 41486  51.6421 124.4990 0001701 231.9386 160.2180 15.59698588 25003
FLOCK 2E-4              
1 41487U 98067JH  16299.40564696  .00011190  00000-0  14121-3 0  9995
2 41487  51.6409 124.8843 0002404 227.0665 204.5032 15.60114587 24986
LEMUR-2-NICK-ALLAIN     
1 41488U 98067JJ  16299.13405188  .00048229  00000-0  45756-3 0  9997
2 41488  51.6424 123.7632 0002461 186.5499 273.6942 15.66407804 24907
LEMUR-2-KANE            
1 41489U 98067JK  16299.54233330  .00042710  00000-0  40196-3 0  9993
2 41489  51.6398 121.3767 0003224 188.3895 205.3864 15.66659387 24224
LEMUR-2-JEFF            
1 41490U 98067JL  16299.48695034  .00060453  00000-0  53824-3 0  9997
2 41490  51.6383 121.6324 0003360 207.4632 245.0989 15.67881048 24967
FLOCK 2E-6              
1 41563U 98067JM  16297.91883946  .00010347  00000-0  13367-3 0  9990
2 41563  51.6400 132.8073 0003136  88.5817  53.0855 15.59589480 22803
FLOCK 2E-5              
1 41564U 98067JN  16299.38035981  .00011149  00000-0  14301-3 0  9992
2 41564  51.6403 125.4650 0002748  96.6545 333.2485 15.59684479 23023
FLOCK 2E-7              
1 41565U 98067JP  16299.54001073  .00015847  00000-0  19425-3 0  9997
2 41565  51.6412 124.2186 0002093 305.7140 154.6487 15.60522432 22953
FLOCK 2E-8              
1 41566U 98067JQ  16299.41807262  .00044680  00000-0  46726-3 0  9999
2 41566  51.6390 124.2091 0003322 259.5653 173.9850 15.63987832 22933
FLOCK 2E'-5             
1 41567U 98067JR  16299.54029979  .00010848  00000-0  14133-3 0  9991
2 41567  51.6416 124.9736 0002549 346.9354 113.0662 15.59303115 22910
FLOCK 2E'-6             
1 41568U 98067JS  16299.55896748  .00013209  00000-0  16682-3 0  9994
2 41568  51.6411 124.4730 0002176 352.2455  47.5111 15.59907609 22955
FLOCK 2E'-8             
1 41569U 98067JT  16299.39640177  .00013809  00000-0  16955-3 0  9999
2 41569  51.6401 124.8253 0001629 168.8117 260.8740 15.60609367 22812
FLOCK 2E'-7             
1 41570U 98067JU  16299.39507257  .00015045  00000-0  17889-3 0  9993
2 41570  51.6415 124.8275 0002589 196.3849 233.1227 15.61366944 22834
FLOCK 2E-9              
1 41571U 98067JV  16299.39455997  .00014199  00000-0  17246-3 0  9993
2 41571  51.6431 124.8180 0001943 313.6368 115.7399 15.60865293 22791
FLOCK 2E-10             
1 41572U 98067JW  16299.40870829  .00012984  00000-0  16094-3 0  9991
2 41572  51.6408 124.9084 0001994 316.7721 114.5058 15.60421399 22797
FLOCK 2E-12             
1 41573U 98067JX  16299.54117267  .00014326  00000-0  17628-3 0  9993
2 41573  51.6412 124.2278 0002418 353.8675 106.7175 15.60515351 22811
FLOCK 2E-11             
1 41574U 98067JY  16299.38304424  .00013720  00000-0  16711-3 0  9998
2 41574  51.6406 124.7224 0003005 351.9202  80.4790 15.60824269 22798
FLOCK 2E'-9             
1 41575U 98067JZ  16299.45181778  .00014496  00000-0  17591-3 0  9990
2 41575  51.6399 124.4016 0003195  20.6937  63.0667 15.60866225 22799
FLOCK 2E'-10            
1 41576U 98067KA  16299.53609764  .00015548  00000-0  19037-3 0  9996
2 41576  51.6415 124.3410 0002287  13.7899  18.6680 15.60567899 22704
FLOCK 2E'-11            
1 41577U 98067KB  16299.52886284  .00013013  00000-0  16046-3 0  9992
2 41577  51.6421 124.3002 0002792 342.9190  48.7031 15.60557631 22528
FLOCK 2E'-12            
1 41578U 98067KC  16299.49388791  .00013616  00000-0  16863-3 0  9995
2 41578  51.6393 124.6764 0002041 323.7562 126.6977 15.60394070 22512
LEMUR-2-DRMUZZ          
1 41595U 16019B   16298.87058121  .00049997  00000-0  48374-3 0  9996
2 41595  51.6384 124.4595 0005106 159.8271 200.2928 15.65891301 19594
LEMUR-2-BRIDGEMAN       
1 41596U 16019C   16299.03484494  .00088522  00000-0  70434-3 0  9991
2 41596  51.6362 121.7870 0004649 176.4922 183.6109 15.70449001 19627
LEMUR-2-CUBECHEESE      
1 41597U 16019D   16299.06692027  .00087317  00000-0  71659-3 0  9999
2 41597  51.6366 122.0078 0004510 172.7290 187.3773 15.69709994 19648
LEMUR-2-NATE            
1 41598U 16019E   16298.98484626  .00108442  00000-0  85692-3 0  9999
2 41598  51.6382 122.2122 0003818 185.1353 174.9607 15.70531142 19634
FLOCK 2P-6              
1 41606U 16040H   16299.42665683  .00008153  00000-0  37587-3 0  9995
2 41606  97.4925 357.8168 0011957 167.7614 192.3913 15.20461412 19013
FLOCK 2P-11             
1 41608U 16040K   16299.43009500  .00008120  00000-0  37562-3 0  9995
2 41608  97.4922 357.8088 0012060 168.2657 191.8862 15.20342941 18956
FLOCK 2P-2              
1 41609U 16040L   16299.43342437  .00008254  00000-0  38291-3 0  9993
2 41609  97.4928 357.8118 0012056 167.5371 192.6164 15.20241040 18937
FLOCK 2P-9              
1 41610U 16040M   16299.43531908  .00007214  00000-0  33595-3 0  9995
2 41610  97.4926 357.8050 0012124 168.2518 191.9002 15.20153747 18815
FLOCK 2P-4              
1 41611U 16040N   16299.42143545  .00007512  00000-0  34680-3 0  9998
2 41611  97.4948 357.8623 0012067 176.5954 183.5365 15.20438618 18977
FLOCK 2P-10             
1 41612U 16040P   16299.39999278  .00002243  00000-0  10499-3 0  9995
2 41612  97.4945 357.8946 0011746 176.8519 183.2792 15.20731889 18973
FLOCK 2P-8              
1 41613U 16040Q   16299.41614302  .00007912  00000-0  36394-3 0  9991
2 41613  97.4947 357.8702 0011876 176.1791 183.9537 15.20550741 18975
FLOCK 2P-12             
1 41614U 16040R   16299.45988055  .00002062  00000-0  96230-4 0  9992
2 41614  97.4951 357.9803 0011406 175.6031 184.5307 15.20929862 18981
FLOCK 2P-7              
1 41615U 16040S   16299.54003171  .00002658  00000-0  12479-3 0  9993
2 41615  97.4942 358.0072 0011848 177.0748 183.0558 15.20464387 18992
FLOCK 2P-5              
1 41616U 16040T   16299.46433292  .00006914  00000-0  31579-3 0  9997
2 41616  97.4954 357.9730 0011505 175.5021 184.6320 15.20845068 18962
FLOCK 2P-1              
1 41617U 16040U   16299.45885451  .00002592  00000-0  12020-3 0  9993
2 41617  97.4950 357.9781 0011288 176.0439 184.0887 15.20917527 18986
FLOCK 2P-3              
1 41618U 16040V   16299.33926086  .00004288  00000-0  19833-3 0  9994
2 41618  97.4954 357.8308 0011546 176.3650 183.7672 15.20636163 18960
BEESAT-4                
1 41619U 16040W   16299.40726506  .00004391  00000-0  20857-3 0  9991
2 41619  97.4953 357.7747 0013117 160.6105 199.5595 15.19686913  6921
3CAT-2                  
1 41732U 16051B   16299.45740941  .00001978  00000-0  84485-4 0  9999
2 41732  97.3734 214.0543 0015504  26.3435  62.5086 15.23948526 10776
FLOCK 2E'-13            
1 41761U 98067KH  16299.55769535  .00009283  00000-0  13932-3 0  9994
2 41761  51.6434 127.4841 0009206 111.7134 284.8007 15.55644288  6324
FLOCK 2E'-14            
1 41762U 98067KJ  16299.55640855  .00009189  00000-0  13772-3 0  9995
2 41762  51.6440 127.4760 0009010 110.4377 286.2436 15.55699667  6323
FLOCK 2E'-16            
1 41763U 98067KK  16299.56065003  .00009856  00000-0  14768-3 0  9990
2 41763  51.6433 127.5011 0008323 116.1545 281.0563 15.55612367  6283
FLOCK 2E'-15            
1 41764U 98067KL  16299.55995213  .00009414  00000-0  14142-3 0  9991
2 41764  51.6434 127.4978 0008845 117.8474 279.2110 15.55600181  6282
FLOCK 2E'-18            
1 41769U 98067KM  16299.55666347  .00009023  00000-0  13535-3 0  9990
2 41769  51.6426 127.4841 0008020 135.8490 256.9144 15.55706501  6282
FLOCK 2E'-17            
1 41776U 98067KN  16299.55540731  .00010901  00000-0  16181-3 0  9993
2 41776  51.6429 127.4699 0008089 133.3993 259.5785 15.55742698  6276
FLOCK 2E'-19            
1 41777U 98067KP  16299.55117671  .00010838  00000-0  15941-3 0  9999
2 41777  51.6431 127.4486 0008007 134.8423 257.7229 15.56001391  6236
FLOCK 2E'-20            
1 41782U 98067KQ  16299.55375492  .00010891  00000-0  16068-3 0  9992
2 41782  51.6435 127.4642 0007731 130.6257 262.2066 15.55913608  6100
CANX-7                  
1 41788U 16059F   16298.42956164 -.00000022  00000-0  52234-5 0  9998
2 41788  98.2002 355.8439 0029935 178.7238 181.4027 14.63629819  4109
ALSAT 1N                
1 41789U 16059G   16299.44839714  .00000158  00000-0  39313-4 0  9994
2 41789  98.2023 356.8754 0028602 169.3397 190.8419 14.63964466  4262
