AKEBONO (EXOS-D)        
1 19822U 89016A   16299.39471958  .00023640  29248-6  48342-3 0  9999
2 19822  75.0371 198.1876 1954924 169.7407 195.0512 11.58791975881941
HST                     
1 20580U 90037B   16298.86872685  .00000868  00000-0  42941-4 0  9996
2 20580  28.4690 122.2206 0002815 159.0650  48.3252 15.08561860254716
POLAR                   
1 23802U 96013A   16299.06725448 -.00000147  00000-0  00000+0 0  9999
2 23802  78.3394 276.0365 7467918 332.7204   2.4766  1.29841917 99109
SWAS                    
1 25560U 98071A   16298.79984382  .00000322  00000-0  39359-4 0  9999
2 25560  69.8972 132.6534 0008779 203.9055 156.1694 14.93209118970400
ORSTED                  
1 25635U 99008B   16298.96317248  .00000141  00000-0  41882-4 0  9996
2 25635  96.4671 253.1858 0137389 277.6834  80.8781 14.47937675932195
CXO                     
1 25867U 99040B   16302.65798309  .00000215  00000-0  00000+0 0  9996
2 25867  75.2642 294.8748 6954798 257.8689 359.9748  0.37806241 15171
XMM-NEWTON              
1 25989U 99066A   16300.36148386 -.00000000  00000-0  00000+0 0  9992
2 25989  68.1417  16.2218 8234826  95.3354 359.9300  0.50137505 19717
TERRA                   
1 25994U 99068A   16299.21780070  .00000281  00000-0  72344-4 0  9998
2 25994  98.2110  11.6235 0001116  85.4932 274.6397 14.57112178896457
CLUSTER II-FM6 (SALSA)  
1 26410U 00041A   16300.42696714  .00000622  00000-0  00000+0 0  9996
2 26410 131.1585 330.7256 4801637 145.9332   0.7491  0.44178390 16465
CLUSTER II-FM7 (SAMBA)  
1 26411U 00041B   16300.43442488  .00000535  00000-0  00000+0 0  9998
2 26411 130.1725 332.2949 5356473 153.0918   0.8099  0.44256607 16543
CLUSTER II-FM5 (RUMBA)  
1 26463U 00045A   16300.44165600  .00000601  00000-0  00000+0 0  9992
2 26463 133.6768 330.3103 5059168 150.9253   0.6912  0.44233177 17040
CLUSTER II-FM8 (TANGO)  
1 26464U 00045B   16300.41421942  .00000622  00000-0  00000+0 0  9997
2 26464 131.1554 330.7257 4800434 145.9312   0.7424  0.44196562 52381
ODIN                    
1 26702U 01007A   16299.51322312  .00000607  00000-0  44883-4 0  9995
2 26702  97.6230 313.0613 0012503 128.4675 231.7676 15.06811444856305
TIMED                   
1 26998U 01055B   16299.48287367  .00000372  00000-0  44750-4 0  9993
2 26998  74.0723  62.1155 0001000 229.2527 130.8567 14.87801241806571
RHESSI                  
1 27370U 02004A   16298.52311135  .00004187  00000-0  15831-3 0  9993
2 27370  38.0360  43.9135 0012654 294.2566  65.6881 15.27159049810217
INTEGRAL                
1 27540U 02048A   16300.88678733  .00000744  00000-0  00000+0 0  9996
2 27540  50.8704 199.6180 8134680 260.1893   0.2118  0.37587340 13426
CORIOLIS                
1 27640U 03001A   16297.93729067  .00000023  00000-0  32251-4 0  9993
2 27640  98.7481 305.3393 0013010 265.9780 152.2793 14.18920212714467
SORCE                   
1 27651U 03004A   16299.15908719  .00000525  00000-0  69729-4 0  9994
2 27651  39.9950 191.3041 0021549  22.0638 338.1074 14.88498388745754
MOST                    
1 27843U 03031D   16299.49552505  .00000018  00000-0  28704-4 0  9997
2 27843  98.7159 304.9849 0009451 336.3588  23.7153 14.20538043690632
SCISAT 1                
1 27858U 03036A   16299.15553521  .00000196  00000-0  32691-4 0  9997
2 27858  73.9320 291.9585 0006444  86.7315 273.4596 14.77080881711079
SWIFT                   
1 28485U 04047A   16299.48076097  .00001726  00000-0  91432-4 0  9999
2 28485  20.5577 335.1644 0011585 152.9226 207.1814 15.03416131652830
FORMOSAT-3 FM6          
1 29047U 06011A   16299.46701069  .00000052  00000-0  36677-4 0  9990
2 29047  71.9787 306.0996 0051203 199.8336 160.0811 14.28540480551246
FORMOSAT-3 FM1          
1 29048U 06011B   16298.81718043  .00000093  00000-0  53170-4 0  9991
2 29048  71.9682 219.8303 0043313 155.8279 264.1027 14.28477278553640
FORMOSAT-3 FM5          
1 29049U 06011C   16299.21902186  .00000150  00000-0  75715-4 0  9993
2 29049  72.0221  23.1403 0035452 194.8635 165.1463 14.28514349549474
FORMOSAT-3 FM3          
1 29050U 06011D   16299.16680063  .00000258  00000-0  65240-4 0  9997
2 29050  72.0153 304.8187 0051884 225.6498 134.0398 14.58389666562309
FORMOSAT-3 FM4          
1 29051U 06011E   16299.38439288  .00000148  00000-0  73699-4 0  9998
2 29051  72.0049 287.2913 0066318  65.4988 295.3044 14.28535507552084
FORMOSAT-3 FM2          
1 29052U 06011F   16299.19278031  .00000106  00000-0  57943-4 0  9993
2 29052  72.0360 357.9467 0039272 157.4062 202.8815 14.28621538550373
CLOUDSAT                
1 29107U 06016A   16299.51375107  .00000135  00000-0  40012-4 0  9998
2 29107  98.2112 240.7718 0002155  69.4997 290.6432 14.57101173558251
CALIPSO                 
1 29108U 06016B   16298.82585002  .00000235  00000-0  62190-4 0  9991
2 29108  98.2110 239.6563 0001320  79.6628 280.4719 14.57102549558086
HINODE (SOLAR-B)        
1 29479U 06041A   16299.52986004  .00000199  00000-0  46321-4 0  9992
2 29479  98.1629 299.7927 0016104 233.6861 126.2856 14.64756076539041
SJ-6C                   
1 29505U 06046A   16299.37503066  .00000532  00000-0  55000-4 0  9998
2 29505  97.8143 296.3701 0003725 128.9969 231.1566 14.94244608544801
SJ-6D                   
1 29506U 06046B   16299.51147326 -.00000330  00000-0 -26149-4 0  9998
2 29506  97.8320 295.6554 0001318 177.1809 182.9418 14.93192186544533
AGILE                   
1 31135U 07013A   16299.04781010  .00004205  00000-0  10662-3 0  9991
2 31135   2.4669 138.7622 0013674 301.1832  58.6882 15.28814854527658
AIM                     
1 31304U 07015A   16299.52270149  .00002460  00000-0  14958-3 0  9993
2 31304  97.9832 101.7812 0004727 202.8551 157.2469 15.11473633519489
FGRST (GLAST)           
1 33053U 08029A   16297.88624712  .00000801  00000-0  29767-4 0  9990
2 33053  25.5820 171.6494 0012747  70.1113 290.0795 15.10738898461524
IBEX                    
1 33401U 08051A   16304.98364590 -.00002502  00000-0  00000+0 0  9992
2 33401  48.4207  17.3718 5230610 185.7475   0.1719  0.11180516  3395
WISE                    
1 36119U 09071A   16299.52532955  .00002077  00000-0  79622-4 0  9996
2 36119  97.4732 321.0449 0004369  74.2196 285.9524 15.27663378380440
SDO                     
1 36395U 10005A   16298.20991267 -.00000063  00000-0  00000+0 0  9993
2 36395  28.5138 144.6847 0001566 137.9814  84.2875  1.00273994 24702
CRYOSAT 2               
1 36508U 10013A   16299.18419731  .00000127  00000-0  30454-4 0  9998
2 36508  92.0167 145.6297 0009914  68.0459 292.1801 14.52175961347051
SPEKTR-R                
1 37755U 11037A   16310.50332444 -.00000767  00000-0  00000+0 0  9995
2 37755  67.2594 315.4977 7486740 319.1251   2.1406  0.10645281  2266
GCOM-W1 (SHIZUKU)       
1 38337U 12025A   16298.83299613  .00000141  00000-0  41296-4 0  9993
2 38337  98.2106 236.3446 0001664  84.9111 332.7602 14.57099600236084
NUSTAR                  
1 38358U 12031A   16299.07816462  .00001346  00000-0  68911-4 0  9998
2 38358   6.0261 215.3929 0011843 152.0044 208.0722 14.87558876237370
RBSP A                  
1 38752U 12046A   16298.16194319 -.00000112  00000-0  10106-2 0  9993
2 38752  10.1238 302.0033 6823935 281.9918  14.1495  2.68122511 40553
RBSP B                  
1 38753U 12046B   16298.23327695 -.00000153  00000-0  84503-3 0  9995
2 38753  10.1137 309.7548 6840444 267.0263  19.2967  2.65148258 40305
NEOSSAT                 
1 39089U 13009D   16298.60158335  .00000030  00000-0  26404-4 0  9992
2 39089  98.5705 138.2151 0009925 277.2931  82.7125 14.34359472191628
BRITE-AUSTRIA           
1 39091U 13009F   16299.54879053  .00000067  00000-0  38890-4 0  9998
2 39091  98.5676 140.3827 0009448 285.9541  74.0603 14.34998673191846
UNIBRITE                
1 39092U 13009G   16299.52750587  .00000069  00000-0  39926-4 0  9990
2 39092  98.5682 140.0810 0008289 278.6240  81.4006 14.34871681191826
IRIS                    
1 39197U 13033A   16299.50016480  .00000354  00000-0  55669-4 0  9997
2 39197  97.9192 118.7578 0027138 212.3071 147.6479 14.78289105179439
HISAKI (SPRINT-A)       
1 39253U 13049A   16298.81559758  .00000085  00000-0  24659-4 0  9996
2 39253  29.7193 120.3880 0137487 272.1319  86.3514 13.55160967154282
CASSIOPE                
1 39265U 13055A   16299.20806093  .00004938  00000-0  14762-3 0  9991
2 39265  80.9702 257.7910 0695578 211.9547 143.7625 14.20854688158113
DANDE                   
1 39267U 13055C   16299.51022573  .00003196  00000-0  97289-4 0  9991
2 39267  81.0116 265.5032 0718753 224.3928 129.7454 14.15550144157814
STSAT-3                 
1 39422U 13066G   16299.40946992  .00000134  00000-0  19912-4 0  9990
2 39422  97.6903   2.9923 0021930 293.9218  65.9714 14.89298374158988
BRITE-PL                
1 39431U 13066R   16299.04811913  .00000132  00000-0  37724-4 0  9993
2 39431  97.6846 292.0282 0204005 123.5763 238.5093 14.46768524154451
SWARM B                 
1 39451U 13067A   16299.52734261  .00000832  00000-0  36238-4 0  9995
2 39451  87.7493 318.0712 0002138 112.5524 247.5947 15.20764197162186
SWARM A                 
1 39452U 13067B   16298.82543358  .00002469  00000-0  58151-4 0  9999
2 39452  87.3473 256.1276 0003113 103.1790 256.9813 15.41378841163876
SWARM C                 
1 39453U 13067C   16299.53952395  .00003302  00000-0  78109-4 0  9996
2 39453  87.3469 257.2817 0003294 103.7368 256.4255 15.41382960163942
BRITE-TORONTO           
1 40020U 14033L   16299.43595617  .00000188  00000-0  40878-4 0  9992
2 40020  97.8665 174.2679 0087655 354.4027   5.6189 14.66317739125689
OCO 2                   
1 40059U 14035A   16298.95712144  .00000252  00000-0  66099-4 0  9993
2 40059  98.2074 237.6520 0001207  36.2451 323.8850 14.57097919123148
BRITE-PL 2              
1 40119U 14049B   16299.17818672  .00000300  00000-0  42545-4 0  9997
2 40119  97.9531  20.1502 0018672 133.2056 227.0721 14.84017251118302
RESURS P2               
1 40360U 14087A   16299.49251362  .00001834  00000-0  62109-4 0  9990
2 40360  97.2830  31.2095 0008369 247.5720 168.5644 15.31829421102459
MMS 1                   
1 40482U 15011A   16298.13556873 -.00000207  00000-0  00000+0 0  9999
2 40482  28.8268 324.6449 8143906 127.1603 336.5892  1.00490031  5949
MMS 2                   
1 40483U 15011B   16298.13556102 -.00000207  00000-0  00000+0 0  9995
2 40483  28.8046 324.6503 8144419 127.1854 336.5693  1.00489963  5944
MMS 3                   
1 40484U 15011C   16298.13565739 -.00000207  00000-0  00000+0 0  9992
2 40484  28.8118 324.6420 8145432 127.1927 336.5899  1.00488519  5944
MMS 4                   
1 40485U 15011D   16297.14075575 -.00000188  00000-0  00000+0 0  9995
2 40485  28.8030 324.7422 8144874 127.0210 336.7247  1.00489153  5926
ASTROSAT                
1 40930U 15052A   16298.99704692  .00000855  00000-0  31474-4 0  9992
2 40930   5.9957 111.0548 0007875 159.3687 200.7026 14.76051410 58143
DAMPE                   
1 41173U 15078A   16299.40086786  .00000190  00000-0  10844-4 0  9994
2 41173  97.2929 308.0867 0012210 265.1508 209.2839 15.23457224 47718
