METEOSAT-7              
1 24932U 97049B   16297.85763098  .00000031  00000-0  00000+0 0  9993
2 24932  10.3677  39.4060 0001844 212.5912 147.3637  1.00279573 70098
NOAA 15                 
1 25338U 98030A   16299.54382424  .00000044  00000-0  37392-4 0  9996
2 25338  98.7854 303.9713 0010893 162.4873 197.6684 14.25759891959568
METEOSAT-8 (MSG-1)      
1 27509U 02040B   16298.08684550  .00000122  00000-0  00000+0 0  9995
2 27509   4.4269  59.2157 0002054 192.7575 213.6599  1.00278682 51922
KALPANA-1 (METSAT 1)    
1 27525U 02043A   16297.86329028 -.00000095  00000-0  00000-0 0  9998
2 27525   5.9519  56.7864 0015068 215.9840 143.8999  1.00271799 51732
INSAT-3A                
1 27714U 03013A   16298.01456817 -.00000282  00000-0  00000+0 0  9998
2 27714   0.0669  91.0655 0003716  50.8483 349.6718  1.00272580 49629
NOAA 18                 
1 28654U 05018A   16298.49740468  .00000017  00000-0  34596-4 0  9996
2 28654  99.1969 308.7901 0014540  16.4083 343.7555 14.12310942588981
METEOSAT-9 (MSG-2)      
1 28912U 05049B   16299.23816074  .00000042  00000-0  00000+0 0  9993
2 28912   1.7441  69.5173 0000508  72.7343 347.1348  1.00264429 39764
MTSAT-2                 
1 28937U 06004A   16298.70471580 -.00000265  00000-0  00000+0 0  9990
2 28937   0.0217 277.0649 0003329 288.8249 226.3823  1.00273119 39039
FORMOSAT-3 FM6          
1 29047U 06011A   16299.46701069  .00000052  00000-0  36677-4 0  9990
2 29047  71.9787 306.0996 0051203 199.8336 160.0811 14.28540480551246
FORMOSAT-3 FM1          
1 29048U 06011B   16298.81718043  .00000093  00000-0  53170-4 0  9991
2 29048  71.9682 219.8303 0043313 155.8279 264.1027 14.28477278553640
FORMOSAT-3 FM5          
1 29049U 06011C   16299.21902186  .00000150  00000-0  75715-4 0  9993
2 29049  72.0221  23.1403 0035452 194.8635 165.1463 14.28514349549474
FORMOSAT-3 FM3          
1 29050U 06011D   16299.16680063  .00000258  00000-0  65240-4 0  9997
2 29050  72.0153 304.8187 0051884 225.6498 134.0398 14.58389666562309
FORMOSAT-3 FM4          
1 29051U 06011E   16299.38439288  .00000148  00000-0  73699-4 0  9998
2 29051  72.0049 287.2913 0066318  65.4988 295.3044 14.28535507552084
FORMOSAT-3 FM2          
1 29052U 06011F   16299.19278031  .00000106  00000-0  57943-4 0  9993
2 29052  72.0360 357.9467 0039272 157.4062 202.8815 14.28621538550373
GOES 13                 
1 29155U 06018A   16299.11463925 -.00000272  00000-0  00000+0 0  9996
2 29155   0.1033 107.4053 0001710   4.6544 247.9795  1.00282234 38201
METOP-A                 
1 29499U 06044A   16299.56317168  .00000027  00000-0  32399-4 0  9990
2 29499  98.7140 356.6965 0002053 119.5765  17.1750 14.21492264519807
FENGYUN 2D              
1 29640U 06053A   16297.94919462 -.00000382  00000-0  10000-3 0  9992
2 29640   4.0165  65.5542 0002385 262.3944 169.7420  1.00259810 36233
FENGYUN 3A              
1 32958U 08026A   16299.37535084 -.00000004  00000-0  17733-4 0  9995
2 32958  98.4379 333.4569 0008600 239.9263 120.1063 14.19635726436022
FENGYUN 2E              
1 33463U 08066A   16298.59644922 -.00000221  00000-0  00000+0 0  9991
2 33463   1.7392  64.6442 0005161 207.9894  62.0494  1.00270254 28760
NOAA 19                 
1 33591U 09005A   16298.47024637  .00000153  00000-0  10844-3 0  9993
2 33591  99.0574 256.4046 0013327 212.1816 147.8542 14.12119287397388
GOES 14                 
1 35491U 09033A   16298.19890350 -.00000115  00000-0  00000+0 0  9995
2 35491   0.2530 271.1529 0008878 308.4390 140.3638  1.00273438 26831
METEOR-M 1              
1 35865U 09049A   16299.53178320  .00000036  00000-0  34836-4 0  9992
2 35865  98.4450 325.4483 0003537 106.4436 253.7131 14.22084542368742
GOES 15                 
1 36411U 10008A   16298.28170285  .00000061  00000-0  00000+0 0  9999
2 36411   0.2707 271.2567 0003078 307.6798 141.0620  1.00285893 24366
COMS 1                  
1 36744U 10032A   16298.81847986 -.00000367  00000-0  00000+0 0  9993
2 36744   0.0484  92.7333 0001075 173.7132 190.0546  1.00271420 23339
FENGYUN 3B              
1 37214U 10059A   16299.41962290  .00000012  00000-0  28440-4 0  9997
2 37214  98.8598 253.1365 0018050  87.2799 273.0445 14.15829545309323
ELEKTRO-L 1 (GOMS 2)    
1 37344U 11001A   16299.12212755 -.00000149  00000-0  00000+0 0  9990
2 37344   1.9596  78.7332 0002298 259.5516  83.8625  1.00252501 21143
SUOMI NPP               
1 37849U 11061A   16297.88807248  .00000029  00000-0  34304-4 0  9999
2 37849  98.7096 234.1008 0001848  94.4020 306.7717 14.19546768258579
FENGYUN 2F              
1 38049U 12002A   16298.79339201 -.00000379  00000-0  00000+0 0  9998
2 38049   1.2375  76.8551 0002085 229.3772 125.2257  1.00272057 17560
METEOSAT-10 (MSG-3)     
1 38552U 12035B   16297.90906877 -.00000029  00000-0  00000+0 0  9996
2 38552   0.5637  28.4028 0001587 208.1964 123.4061  1.00265984 15896
METOP-B                 
1 38771U 12049A   16298.46018701  .00000015  00000-0  27025-4 0  9991
2 38771  98.7146 356.1486 0001393 148.1920 273.5303 14.21487157212780
FENGYUN 3C              
1 39260U 13052A   16299.42208029  .00000018  00000-0  29067-4 0  9992
2 39260  98.6785   8.1973 0000762  55.0809 305.0439 14.19629559160074
METEOR-M 2              
1 40069U 14037A   16299.41758017 -.00000034  00000-0  44972-5 0  9993
2 40069  98.6909 352.5959 0005710 162.3201 197.8180 14.20635486119226
HIMAWARI 8              
1 40267U 14060A   16297.51926714 -.00000299  00000-0  00000-0 0  9991
2 40267   0.0312 111.4894 0000836  90.8861 157.6415  1.00271949  7430
FENGYUN 2G              
1 40367U 14090A   16299.46577789 -.00000352  00000-0  00000+0 0  9994
2 40367   0.9234 268.8737 0002203 344.9256  52.8051  1.00270185  6721
METEOSAT-11 (MSG-4)     
1 40732U 15034A   16297.62004234 -.00000055  00000-0  00000+0 0  9995
2 40732   2.2627 252.2322 0001970 358.3345   1.4715  1.00274852  4712
ELEKTRO-L 2             
1 41105U 15074A   16298.85687921 -.00000120  00000-0  00000+0 0  9993
2 41105   0.0361   1.9867 0001152 210.6328 205.5560  1.00272294  3200
