SARSAT 7 (NOAA 15)      
1 25338U 98030A   16299.54382424  .00000044  00000-0  37392-4 0  9996
2 25338  98.7854 303.9713 0010893 162.4873 197.6684 14.25759891959568
GPS BIIR-07             
1 26690U 01004A   16298.21007116 -.00000004  00000-0  00000+0 0  9996
2 26690  53.0085 167.6915 0174663 253.9640  60.8916  2.00557124115280
METEOSAT-8 (MSG-1)      
1 27509U 02040B   16298.08684550  .00000122  00000-0  00000+0 0  9995
2 27509   4.4269  59.2157 0002054 192.7575 213.6599  1.00278682 51922
GPS BIIR-08             
1 27663U 03005A   16298.26574022 -.00000089  00000-0  00000+0 0  9993
2 27663  56.7565 354.0721 0086190  20.4505  68.2770  2.00574381100643
INSAT 3A                
1 27714U 03013A   16298.01456817 -.00000282  00000-0  00000+0 0  9998
2 27714   0.0669  91.0655 0003716  50.8483 349.6718  1.00272580 49629
GPS BIIR-11             
1 28190U 04009A   16297.98017824 -.00000055  00000-0  00000+0 0  9997
2 28190  55.8710  55.2815 0102197  49.6547 345.4473  2.00568425 92316
GPS BIIR-12             
1 28361U 04023A   16298.28988512 -.00000054  00000-0  00000+0 0  9997
2 28361  54.1610 229.5760 0112764 216.2943 316.6150  2.00572158 90403
GPS BIIR-13             
1 28474U 04045A   16298.49846304  .00000041  00000-0  00000+0 0  9996
2 28474  54.1125 107.3870 0162470 241.4448  84.6662  2.00564888 87770
SARSAT 10 (NOAA 18)     
1 28654U 05018A   16298.49740468  .00000017  00000-0  34596-4 0  9996
2 28654  99.1969 308.7901 0014540  16.4083 343.7555 14.12310942588981
GPS BIIR-14M            
1 28874U 05038A   16298.26204807 -.00000062  00000-0  00000+0 0  9998
2 28874  56.0338  52.4987 0115765 250.5406   7.5783  2.00553517 81173
MSG-2                   
1 28912U 05049B   16299.23816074  .00000042  00000-0  00000+0 0  9993
2 28912   1.7441  69.5173 0000508  72.7343 347.1348  1.00264429 39764
GOES 13                 
1 29155U 06018A   16299.11463925 -.00000272  00000-0  00000+0 0  9996
2 29155   0.1033 107.4053 0001710   4.6544 247.9795  1.00282234 38201
SARSAT 11 (METOP-A)     
1 29499U 06044A   16299.56317168  .00000027  00000-0  32399-4 0  9990
2 29499  98.7140 356.6965 0002053 119.5765  17.1750 14.21492264519807
GPS BIIR-16M            
1 29601U 06052A   16298.45557038 -.00000088  00000-0  00000+0 0  9990
2 29601  56.7280 352.9867 0058754  43.2918 317.2208  2.00568097 72799
GPS BIIR-17M            
1 32260U 07047A   16297.76929855 -.00000051  00000-0  00000+0 0  9993
2 32260  53.2886 226.1546 0085547  28.4245 332.0438  2.00561195 66179
GPS BIIR-18M            
1 32384U 07062A   16297.69208130 -.00000057  00000-0  00000-0 0  9992
2 32384  56.0923  53.0871 0005462 336.3331 101.8760  2.00557264 64880
SARSAT 12 (NOAA 19)     
1 33591U 09005A   16298.47024637  .00000153  00000-0  10844-3 0  9993
2 33591  99.0574 256.4046 0013327 212.1816 147.8542 14.12119287397388
GOES 14                 
1 35491U 09033A   16298.19890350 -.00000115  00000-0  00000+0 0  9995
2 35491   0.2530 271.1529 0008878 308.4390 140.3638  1.00273438 26831
GOES 15                 
1 36411U 10008A   16298.28170285  .00000061  00000-0  00000+0 0  9999
2 36411   0.2707 271.2567 0003078 307.6798 141.0620  1.00285893 24366
ELEKTRO-L 1             
1 37344U 11001A   16299.12212755 -.00000149  00000-0  00000+0 0  9990
2 37344   1.9596  78.7332 0002298 259.5516  83.8625  1.00252501 21143
GLONASS-K 1             
1 37372U 11009A   16298.29578666  .00000003  00000-0  00000+0 0  9990
2 37372  65.2892  72.6201 0007412 222.5659 163.1695  2.13102829 44028
GPS BIIF-2              
1 37753U 11036A   16298.43375603  .00000048  00000-0  00000+0 0  9994
2 37753  55.3251 110.1833 0058461  30.3509  13.2023  2.00560347 38615
GSAT0101 (GALILEO-PFM)  
1 37846U 11060A   16297.23141912 -.00000009  00000-0  00000+0 0  9993
2 37846  55.6493  78.3569 0001351 353.2061   6.7820  1.70473774 31164
GSAT0102 (GALILEO-FM2)  
1 37847U 11060B   16298.05719712 -.00000011  00000-0  00000+0 0  9997
2 37847  55.6494  78.3318 0002242 297.5034 250.8252  1.70475785 31185
LUCH 5A                 
1 37951U 11074B   16298.70423303 -.00000065  00000-0  00000+0 0  9997
2 37951   1.6157 203.5348 0003388   4.7246 245.9892  1.00274288 17860
MSG-3                   
1 38552U 12035B   16297.90906877 -.00000029  00000-0  00000+0 0  9996
2 38552   0.5637  28.4028 0001587 208.1964 123.4061  1.00265984 15896
SARSAT 13 (METOP-B)     
1 38771U 12049A   16298.46018701  .00000015  00000-0  27025-4 0  9991
2 38771  98.7146 356.1486 0001393 148.1920 273.5303 14.21487157212780
GPS BIIF-3              
1 38833U 12053A   16297.86363508 -.00000021  00000-0  00000+0 0  9993
2 38833  54.3082 288.3143 0047629  19.9503 340.2391  2.00557794 29678
GSAT0103 (GALILEO-FM3)  
1 38857U 12055A   16299.03614217 -.00000029  00000-0  00000+0 0  9996
2 38857  54.9200 198.5473 0002694 232.1655 127.8585  1.70473800 25121
GSAT0104 (GALILEO-FM4)  
1 38858U 12055B   16295.45103624 -.00000019  00000-0  00000-0 0  9994
2 38858  54.9213 198.6456 0001779 231.0348 129.0048  1.70473815 25054
GPS BIIF-4              
1 39166U 13023A   16297.72147819 -.00000065  00000-0  00000-0 0  9990
2 39166  55.7433  49.6114 0037975  15.6127 344.5030  2.00566115 25217
INSAT-3D                
1 39216U 13038B   16297.68162838 -.00000181  00000-0  00000-0 0  9994
2 39216   0.0543  81.9888 0001809 178.5708  99.4406  1.00272704 11794
GPS BIIF-5              
1 39533U 14008A   16298.21875054 -.00000024  00000-0  00000+0 0  9990
2 39533  54.4633 293.5570 0024111 186.5967 173.3816  2.00553567 19587
LUCH 5V                 
1 39727U 14023A   16298.45967693 -.00000297  00000-0  00000+0 0  9991
2 39727   3.1673 299.5874 0003388 313.9900  39.8791  1.00274972527194
GPS BIIF-6              
1 39741U 14026A   16298.00590222  .00000045  00000-0  00000+0 0  9991
2 39741  55.3138 109.7192 0004487 264.9969  94.9845  2.00549999 17855
GPS BIIF-7              
1 40105U 14045A   16298.09139893 -.00000051  00000-0  00000+0 0  9998
2 40105  54.6821 229.3642 0004108 115.6024 244.4405  2.00553138 16308
GSAT0201 (GALILEO 5)    
1 40128U 14050A   16299.05286457 -.00000075  00000-0  00000+0 0  9991
2 40128  50.1687  54.6448 1602503  55.3775 318.6704  1.85519812 14918
GSAT0202 (GALILEO 6)    
1 40129U 14050B   16297.16528588 -.00000065  00000-0  00000+0 0  9995
2 40129  50.2232  53.7086 1603305  56.3866 317.8668  1.85520411 15072
GPS BIIF-8              
1 40294U 14068A   16297.96307308 -.00000006  00000-0  00000+0 0  9995
2 40294  54.9725 169.8930 0002191 351.0337   9.0416  2.00572421 14529
GLONASS-K 2             
1 40315U 14075A   16298.63119391 -.00000005  00000-0  00000+0 0  9994
2 40315  64.5639 313.5847 0019648 234.8348 169.5903  2.13101684 14799
GPS BIIF-9              
1 40534U 15013A   16298.10431960 -.00000087  00000-0  00000+0 0  9991
2 40534  55.0090 349.3165 0011815 338.4072  21.5946  2.00572461 11591
GSAT0203 (GALILEO 7)    
1 40544U 15017A   16297.01554400 -.00000008  00000-0  00000-0 0  9994
2 40544  55.4376  78.6884 0003188 196.1340 163.8461  1.70475454  9122
GSAT0204 (GALILEO 8)    
1 40545U 15017B   16299.14513897 -.00000014  00000-0  00000+0 0  9992
2 40545  55.4459  78.6383 0003340 154.2632 205.7405  1.70475642  9828
GPS BIIF-10             
1 40730U 15033A   16298.26602165 -.00000070  00000-0  00000+0 0  9997
2 40730  55.2795  49.3682 0020664 298.4841  61.3068  2.00552660  9352
GSAT0205 (GALILEO 9)    
1 40889U 15045A   16299.38230649 -.00000042  00000-0  00000+0 0  9992
2 40889  57.1756 318.5158 0003112 305.1542  54.8599  1.70474742  6978
GSAT0206 (GALILEO 10)   
1 40890U 15045B   16297.25594593 -.00000043  00000-0  00000-0 0  9991
2 40890  57.1767 318.5708 0002795 273.7463  86.2613  1.70474691  6969
GPS BIIF-11             
1 41019U 15062A   16297.81630870 -.00000007  00000-0  00000+0 0  9994
2 41019  54.9845 169.6768 0018845 199.7156 160.2903  2.00562797  7162
GSAT0209 (GALILEO 12)   
1 41174U 15079A   16298.01605767 -.00000031  00000-0  00000+0 0  9991
2 41174  54.9325 198.2610 0004288 291.7360  68.2670  1.70473227  5292
GSAT0208 (GALILEO 11)   
1 41175U 15079B   16296.47625404 -.00000026  00000-0  00000-0 0  9995
2 41175  54.9311 198.3048 0003332 290.7202  69.2963  1.70473083  5271
GPS BIIF-12             
1 41328U 16007A   16297.90114009 -.00000048  00000-0  00000+0 0  9993
2 41328  54.9432 229.4939 0007851 232.9949 126.9342  2.00565293  5222
GSAT0211 (GALILEO 14)   
1 41549U 16030A   16296.00787035 -.00000043  00000-0  00000-0 0  9995
2 41549  57.3169 318.3271 0005024 268.8875  91.0927  1.70474537  2576
GSAT0210 (GALILEO 13)   
1 41550U 16030B   16296.30114147 -.00000043  00000-0  00000-0 0  9998
2 41550  57.3165 318.3209 0005087 248.6454 111.3382  1.70474476  2576
